;Exported by:	 Carlos
;Date:			 13.09.2017 20:42:33
;File:			 H:\GoH_3D_gem_export\3d_environment\_military\fortifications\sandbags_new\sandbag_straight.max
{skeleton
	{bone "basis"
		{orientation
			1 	 0 	 0
			0 	 -1 	 0
			0 	 0 	 1
		}
		{bone "piece01"
			{parameters "id=body;"}
			{Position 15.7839 	 -53.5272 	 8.498}
			{VolumeView "piece_01.ply"}
		}
		{bone "piece02"
			{parameters "id=body;"}
			{Position 23.4395 	 -33.927 	 11.6859}
			{VolumeView "piece_02.ply"}
		}
		{bone "piece03"
			{parameters "id=body;"}
			{Position 23.6565 	 -5.8915 	 14.1685}
			{VolumeView "piece_03.ply"}
		}
		{bone "piece04"
			{parameters "id=body;"}
			{Position 23.2546 	 -13.2539 	 7.583}
			{VolumeView "piece_04.ply"}
		}
		{bone "piece05"
			{parameters "id=body;"}
			{Position 21.4503 	 28.6317 	 9.3322}
			{VolumeView "piece_05.ply"}
		}
		{bone "piece06"
			{parameters "id=body;"}
			{Position 19.7163 	 58.6914 	 11.183}
			{VolumeView "piece_06.ply"}
		}
		{bone "piece07"
			{parameters "id=body;"}
			{Position 18.5246 	 48.4863 	 4.5226}
			{VolumeView "piece_07.ply"}
		}
		{bone "piece08"
			{parameters "id=body;"}
			{Position 24.2566 	 15.3351 	 15.0761}
			{VolumeView "piece_08.ply"}
		}
		{bone "piece09"
			{parameters "id=body;"}
			{Position 18.9291 	 -39.4997 	 3.9185}
			{VolumeView "piece_09.ply"}
		}
		{bone "piece10"
			{parameters "id=body;"}
			{Position 25.9829 	 -23.8878 	 17.4675}
			{VolumeView "piece_10.ply"}
		}
		{bone "piece11"
			{parameters "id=body;"}
			{Position 20.9216 	 40.3076 	 15.5324}
			{VolumeView "piece_11.ply"}
		}
		{bone "piece12"
			{parameters "id=body;"}
			{Position 21.4033 	 7.8453 	 4.9852}
			{VolumeView "piece_12.ply"}
		}
	}
}
{volume "piece01"
	{box 15.3372 5.64859 10.5512}
	{bone "piece01"}
	{matrix34
		-0.3998 	 -0.7644 	 -0.5057
		-0.2744 	 -0.4266 	 0.8618
		-0.8745 	 0.4834 	 -0.0392
		-0.0118 	 -0.6083 	 -0.9518
	}
}
{volume "piece02"
	{box 16.6709 4.37875 10.5512}
	{bone "piece02"}
	{matrix34
		-0.3526 	 -0.9323 	 -0.0802
		-0.0397 	 -0.0707 	 0.9967
		-0.9349 	 0.3546 	 -0.0121
		-0.1664 	 0.0764 	 -0.2555
	}
}
{volume "piece03"
	{box 16.6709 4.37875 10.5512}
	{bone "piece03"}
	{matrix34
		-0.0511 	 -0.9987 	 0
		0 	 0 	 1
		-0.9987 	 0.0511 	 0
		0.329 	 0.4097 	 -0.5844
	}
}
{volume "piece04"
	{box 19.7419 5.19033 11.5442}
	{bone "piece04"}
	{matrix34
		-0.0511 	 -0.9987 	 0
		0 	 0 	 1
		-0.9987 	 0.0511 	 0
		0.2307 	 0.1733 	 0.0579
	}
}
{volume "piece05"
	{box 19.3032 5.24276 10.6753}
	{bone "piece05"}
	{matrix34
		0.0647 	 -0.9979 	 0
		0 	 0 	 1
		-0.9979 	 -0.0647 	 0
		0.2589 	 -0.445 	 -0.0952
	}
}
{volume "piece06"
	{box 16.6709 4.37875 10.5512}
	{bone "piece06"}
	{matrix34
		0.2113 	 -0.8533 	 0.4767
		-0.1415 	 0.4559 	 0.8787
		-0.9671 	 -0.2532 	 -0.0244
		0.5653 	 -0.2319 	 -0.2433
	}
}
{volume "piece07"
	{box 16.6709 4.68527 10.5512}
	{bone "piece07"}
	{matrix34
		0.9595 	 -0.2817 	 0
		0 	 0 	 1
		-0.2817 	 -0.9595 	 0
		0.7933 	 -0.1007 	 0.1167
	}
}
{volume "piece08"
	{box 16.6709 4.37875 10.5512}
	{bone "piece08"}
	{matrix34
		-0.0511 	 -0.9987 	 0
		0 	 0 	 1
		-0.9987 	 0.0511 	 0
		0.3313 	 0.1557 	 0.179
	}
}
{volume "piece09"
	{box 19.7419 5.19033 11.5442}
	{bone "piece09"}
	{matrix34
		-0.3399 	 -0.9405 	 0
		0 	 0 	 1
		-0.9405 	 0.3399 	 0
		0.6928 	 -0.119 	 -0.0985
	}
}
{volume "piece11"
	{box 16.6709 4.37875 10.5512}
	{bone "piece11"}
	{matrix34
		-0.0511 	 -0.9987 	 0
		0 	 0 	 1
		-0.9987 	 0.0511 	 0
		0.9506 	 -0.9513 	 0.0951
	}
}
{volume "piece12"
	{box 21.9354 5.24276 12.4131}
	{bone "piece12"}
	{matrix34
		0.0647 	 -0.9979 	 0
		0 	 0 	 1
		-0.9979 	 -0.0647 	 0
		-0.5612 	 1.1438 	 -0.187
	}
}
{volume "piece10"
	{box 16.6709 4.37875 10.5512}
	{bone "piece10"}
	{matrix34
		0.0618 	 -0.9981 	 0
		0 	 0 	 1
		-0.9981 	 -0.0618 	 0
		-0.9023 	 0.2202 	 0.2157
	}
}
