;Exported by:	 marc-
;Date:			 10.10.2023 15:58:34
;File:			 C:\Users\marc-\Desktop\trench_dirt_Mortar.max
{skeleton
	{bone "trench001"
		{parameters "commonmesh;land;align;"}
		{orientation
			-1 	 0 	 0
			0 	 1 	 0
			0 	 0 	 1
		}
		{VolumeView "trench001.ply"}
		{bone "point012"
			{matrix34
				0.84 	 0.5427 	 0
				-0.5427 	 0.84 	 0
				0 	 0 	 1
				-71.2047 	 35.7507 	 0.6684
			}
		}
		{bone "point013"
			{matrix34
				0.8299 	 0.558 	 0
				-0.558 	 0.8299 	 0
				0 	 0 	 1
				-1.8076 	 -24.9994 	 0.6684
			}
		}
		{bone "point014"
			{matrix34
				0.9951 	 -0.099 	 0
				0.099 	 0.9951 	 0
				0 	 0 	 1
				-41.5459 	 43.6042 	 0.6684
			}
		}
		{bone "point015"
			{matrix34
				0.9869 	 -0.1613 	 0
				0.1613 	 0.9869 	 0
				0 	 0 	 1
				-44.6181 	 -41.8134 	 0.6684
			}
		}
		{bone "point016"
			{matrix34
				0.7998 	 -0.6003 	 0
				0.6003 	 0.7998 	 0
				0 	 0 	 1
				2.4832 	 27.8124 	 0.6684
			}
		}
		{bone "point017"
			{matrix34
				0.9877 	 -0.1563 	 0
				0.1563 	 0.9877 	 0
				0 	 0 	 1
				39.0811 	 13.0451 	 0.6684
			}
		}
		{bone "point020"
			{Position -73.4917 	 -22.5622 	 0.6684}
		}
		{bone "point021"
			{matrix34
				0.2158 	 0.9764 	 0
				-0.9764 	 0.2158 	 0
				0 	 0 	 1
				-87.54 	 14.0033 	 0.6684
			}
		}
		{bone "point022"
			{Position 43.1675 	 -10.0303 	 0.6684}
		}
		{bone "point019"
			{Position 23.6059 	 -9.4006 	 0}
		}
		{bone "point018"
			{matrix34
				-1 	 0 	 0
				0 	 -1 	 0
				0 	 0 	 1
				23.4906 	 13.8913 	 0
			}
		}
	}
		{bone "cannon"
			{matrix34
			1 	 0 	 0          ;1 	 0 	 0      
			0	 -1   0          ;1 	 1 	 0 
			0 	 0   1			;0 	 0   1
			36.0 	 0.000 	 -23.0
			}
		}	
	    {bone "ammo_box_01"
			{matrix34
			-1	 0  0          ;1 	 0 	 0      
			0    1  0          ;1 	 1 	 0 
			0 	 0  1			;0 	 0   1
			23.0 	 25.000 	 -23.0
			}
	    }
		{bone "netting_square"
			{matrix34
			0 	 1 	 0          ;1 	 0 	 0      
			1	 0   0          ;1 	 1 	 0 
			0 	 0   1			;0 	 0   1
			-60.0 	 0.000 	 -22.0
			}
		}	
		{bone "Exit"
			{matrix34
			-1 	 0 	 0          ;1 	 0 	 0      
			0	 1   0          ;1 	 1 	 0 
			0 	 0   1			;0 	 0   1
			-20.0 	 0.000 	 0.0
			}
		}	
	
		{bone "floor_01"
			{matrix34
			0 	 1 	 0          ;1 	 0 	 0      
			1	 0   0          ;1 	 1 	 0 
			0 	 0   1			;0 	 0   1
			-61.0 	 0.000 	 -22.0
			}
		}
		{bone "floor_02"
			{matrix34
			0 	 1 	 0          ;1 	 0 	 0      
			1	 0   0          ;1 	 1 	 0 
			0 	 0   1			;0 	 0   1
			-42.0 	 0.000 	 -22.0
			}
		}
		{bone "floor_03"
			{matrix34
			0 	 1 	 0          ;1 	 0 	 0      
			1	 0   0          ;1 	 1 	 0 
			0 	 0   1			;0 	 0   1
			-23.0 	 0.000 	 -23.0
			}
		}
		{bone "sandbag_stage"
			{matrix34
			-1    0   0          ;1 	 0 	 0      
			0 	 -1   0          ;1 	 1 	 0 
			0 	 0   1			;0 	 0   1
			0.0  0 	 0
			}
		
		{bone "sandbag_framed_straight_00"
			{matrix34
			0    1.0     0          ;1 	 0 	 0      
			1 	 0   0          ;1 	 1 	 0 
			0 	 0   1			;0 	 0   1
			-113.0 	0.000 	 -10.0
			}
		}
		{bone "sandbag_framed_curved_01"
			{matrix34
			1  0.44 0          ;1 	 0 	 0      
			0.44	 -1   0          ;1 	 1 	 0 
			0 	 0   1			;0 	 0   1
			-69.0 	46.000 	 -10.0
			}
		}
		{bone "sandbag_framed_straight_01"
			{matrix34
			1 	 -0.4 	 0          ;1 	 0 	 0      
			-0.4	 -1   0          ;1 	 1 	 0 
			0 	 0   1			;0 	 0   1
			-8.0 	 57.0 	 -10.0
			}
		}
		{bone "sandbag_framed_curved_02"
			{matrix34
			1  -0.57 0          ;1 	 0 	 0      
			-0.57	 -1   0          ;1 	 1 	 0 
			0 	 0   1			;0 	 0   1
			-71.8 	-46.000 	 -10.0
			}
		}
		{bone "sandbag_framed_straight_02"
			{matrix34
			1 	 0.5 	 0          ;1 	 0 	 0      
			0.5	 -1   0          ;1 	 1 	 0 
			0 	 0   1			;0 	 0   1
			-4.0 	 -58.5 	 -10.0
			}
		}	
        }		
}

{obstacle "body10_vol001"
	{obb2
		{center -93.9191 -17.1586}
		{extent 7.65928 11.8303}
		{axis 0.951106 0.308866}
	}
	{rotate}
}
{obstacle "body1_vol004"
	{obb2
		{center -75.5335 -37.6478}
		{extent 5.24408 17.3824}
		{axis 0.629671 0.776862}
	}
	{rotate}
}
{obstacle "body2_vol001"
	{obb2
		{center -40.5442 -47.7388}
		{extent 24.93 5.22324}
		{axis 1 0}
	}
	{rotate}
}
{obstacle "body3_vol001"
	{obb2
		{center -1.69106 -39.8944}
		{extent 26.006 5.18959}
		{axis 0.81933 0.573323}
	}
	{rotate}
}
{obstacle "body4_vol003"
	{obb2
		{center 40.3008 24.014}
		{extent 3.45332 17.1792}
		{axis 0.0705156 0.997511}
	}
	{rotate}
}
{obstacle "body4_vol004"
	{obb2
		{center 40.3008 -25.6138}
		{extent 17.1745 3.42954}
		{axis 0.999848 0.0174436}
	}
	{rotate}
}
{obstacle "body5_vol001"
	{obb2
		{center -80.531 32.3559}
		{extent 26.1917 6.68889}
		{axis 0.731613 0.68172}
	}
	{rotate}
}
{obstacle "body6_vol001"
	{obb2
		{center -45.0392 44.9396}
		{extent 17.0131 5.23936}
		{axis 0.997567 0.0697212}
	}
	{rotate}
}
{obstacle "body7_vol001"
	{obb2
		{center 5.24498 34.1572}
		{extent 5.27007 21.7538}
		{axis 0.515485 0.856898}
	}
	{rotate}
}
{obstacle "body9_vol001"
	{obb2
		{center 4.17327 -46.3189}
		{extent 15.5013 5.25275}
		{axis 0.809204 0.587528}
	}
	{rotate}
}
{volume "body10_vol001"
	{box 22.9067 6.81045 33.342}
	{bone "point021"}
	{matrix34
		0.9946 	 -0.1018 	 -0.022
		0.0927 	 0.9616 	 -0.2584
		0.0475 	 0.2549 	 0.9658
		1.7043 	 6.9096 	 -9.5588
	}
}
{volume "body1_vol004"
	{box 34.7071 6.81045 28.9931}
	{bone "point012"}
	{matrix34
		0.9948 	 0.1017 	 0
		-0.1009 	 0.9874 	 -0.1218
		-0.0124 	 0.1212 	 0.9926
		-2.6065 	 3.9425 	 -11.2709
	}
}
{volume "body2_vol001"
	{box 49.8283 6.81045 28.9931}
	{bone "point014"}
	{matrix34
		0.9948 	 0.1021 	 0
		-0.1013 	 0.9874 	 -0.1218
		-0.0124 	 0.1212 	 0.9926
		0.5875 	 4.2134 	 -11.2709
	}
}
{volume "body3_vol001"
	{box 51.9947 6.81045 28.9931}
	{bone "point016"}
	{matrix34
		0.9995 	 0.0317 	 0
		-0.0314 	 0.9921 	 -0.1218
		-0.0039 	 0.1218 	 0.9926
		-10.5915 	 7.1569 	 -11.2709
	}
}
{volume "body4_vol003"
	{box 34.3394 6.81045 28.9931}
	{bone "point022"}
	{matrix34
		0.9977 	 0.0677 	 0
		-0.0677 	 0.9977 	 0
		0 	 0 	 1
		-2.8666 	 -13.9838 	 -11.163
	}
}
{volume "body4_vol004"
	{box 34.3394 6.81045 28.9931}
	{bone "point017"}
	{matrix34
		0.9901 	 0.1404 	 0
		-0.1404 	 0.9901 	 0
		0 	 0 	 1
		-0.7596 	 12.6048 	 -11.163
	}
}
{volume "body5_vol001"
	{box 52.3486 9.60273 30.4427}
	{bone "point020"}
	{matrix34
		-0.7298 	 0.6836 	 0
		-0.6786 	 -0.7244 	 -0.1218
		-0.0833 	 -0.0889 	 0.9926
		-7.0393 	 -9.7936 	 -10.5515
	}
}
{volume "body6_vol001"
	{box 33.9699 6.81045 28.9931}
	{bone "point015"}
	{matrix34
		-0.9962 	 -0.0867 	 0
		0.086 	 -0.9888 	 -0.1218
		0.0106 	 -0.1214 	 0.9926
		0.0888 	 -3.1531 	 -11.2709
	}
}
{volume "body7_vol001"
	{box 43.4493 6.81045 28.9931}
	{bone "point013"}
	{matrix34
		-0.999 	 0.0446 	 0
		-0.0443 	 -0.9916 	 -0.1218
		-0.0054 	 -0.1217 	 0.9926
		0.7428 	 -11.5349 	 -11.2709
	}
}
{volume "body9_vol001"
	{box 30.9389 10.313 6.2267}
	{bone "point016"}
	{matrix34
		1 	 0.0097 	 0
		-0.0097 	 1 	 0
		0 	 0 	 1
		-9.7582 	 15.8154 	 2.445
	}
}
