;Exported by:	 Alexey
;Date:			 07.02.2017 11:38:20
;File:			 I:\VTV_models\Models_For_WiW\-buildings\-FIELD_FORTIFICATION\trenches_bare_dirt_coop2012\-Fixed\trench_dirt_depot2_v03.max
{skeleton
	{bone "trench"
		{parameters "commonmesh;land;align;"}
		{orientation
			1 	 0 	 0
			0 	 -1 	 0
			0 	 0 	 1
		}
		{VolumeView "trench.ply"
			{DecalTargetDynamic}
		}
		{bone "point8"
			{Position 65.8986 	 -9.2999 	 0.6684}
		}
		{bone "point7"
			{Position 1.9798 	 -7.0588 	 0.6684}
		}
		{bone "point6"
			{Position -56.1882 	 -12.3186 	 0.6684}
		}
		{bone "point5"
			{matrix34
				-0.9988 	 0.0484 	 0
				-0.0484 	 -0.9988 	 0
				0 	 0 	 1
				-6.7408 	 39.18 	 0.6684
			}
		}
		{bone "point1"
			{Position -78.2338 	 12.1337 	 0.6684}
		}
		{bone "point2"
			{matrix34
				0.8232 	 0.5678 	 0
				-0.5678 	 0.8232 	 0
				0 	 0 	 1
				-37.9726 	 27.5427 	 0.6684
			}
		}
		{bone "point3"
			{matrix34
				0.8343 	 -0.5512 	 0
				0.5512 	 0.8343 	 0
				0 	 0 	 1
				27.3688 	 27.7837 	 0.6684
			}
		}
		{bone "point4"
			{matrix34
				0.9958 	 -0.091 	 0
				0.091 	 0.9958 	 0
				0 	 0 	 1
				63.6162 	 17.6444 	 0.6684
			}
		}
	}
}
{area "cut"
	{polygon2
		{radius 0}
		{vertex -82.7097 19.3995}
		{vertex -82.5391 -16.8226}
		{vertex -26.8085 -38.4233}
		{vertex 6.18794 -42.0252}
		{vertex 79.6973 -17.2058}
		{vertex 79.6973 20.5298}
	}
	{rotate}
}
{obstacle "body10"
	{obb2
		{center -21.5201 -24.7349}
		{extent 5.81627 10.6516}
		{axis 0.342602 0.939481}
	}
	{rotate}
}
{obstacle "body11"
	{obb2
		{center -7.49965 -19.8001}
		{extent 5.81768 10.6524}
		{axis 0.0879049 0.996129}
	}
	{rotate}
}
{obstacle "body13"
	{obb2
		{center -3.10083 -27.1283}
		{extent 5.98933 11.055}
		{axis 0.96596 0.258691}
	}
	{rotate}
}
{obstacle "body14"
	{obb2
		{center 16.2516 -24.0165}
		{extent 9.48009 8.52468}
		{axis 0.866158 0.49977}
	}
	{rotate}
}
{obstacle "body15"
	{obb2
		{center -5.10672 -33.8507}
		{extent 10.9049 6.69328}
		{axis 0.997567 0.0697212}
	}
	{rotate}
}
{obstacle "body1"
	{obb2
		{center -69.8047 -13.578}
		{extent 2.20331 16.0015}
		{axis 0.105268 0.994444}
	}
	{rotate}
}
{obstacle "body2"
	{obb2
		{center -39.8811 -27.7358}
		{extent 2.30728 21.7023}
		{axis 0.643126 0.76576}
	}
	{rotate}
}
{obstacle "body3"
	{obb2
		{center 28.6642 -28.3484}
		{extent 21.7 2.29747}
		{axis 0.798832 0.601554}
	}
	{rotate}
}
{obstacle "body4"
	{obb2
		{center 62.1695 -16.3044}
		{extent 2.29286 19.5516}
		{axis 0.0182398 0.999834}
	}
	{rotate}
}
{obstacle "body5"
	{obb2
		{center -6.13793 -39.6517}
		{extent 2.29691 19.931}
		{axis 0.0356777 0.999363}
	}
	{rotate}
}
{obstacle "body6"
	{obb2
		{center -57.0843 13.9513}
		{extent 2.30859 28.8419}
		{axis 0.0531046 0.998589}
	}
	{rotate}
}
{obstacle "body7"
	{obb2
		{center 3.85888 13.1606}
		{extent 33.8034 2.40501}
		{axis 0.998631 0.0523094}
	}
	{rotate}
}
{obstacle "body8"
	{obb2
		{center 59.2063 12.8136}
		{extent 2.17739 25.1606}
		{axis 0.0879049 0.996129}
	}
	{rotate}
}
{obstacle "body9"
	{obb2
		{center -28.0869 -25.3994}
		{extent 5.81439 10.6506}
		{axis 0.643126 0.76576}
	}
	{rotate}
}
{volume "body10"
	{box 21.2961 11.6194 6.3988}
	{bone "trench"}
	{matrix34
		0.9397 	 0.342 	 0
		-0.342 	 0.9397 	 0
		0 	 0 	 1
		-21.5201 	 24.7349 	 -13.2618
	}
}
{volume "body11"
	{box 21.2961 11.6194 6.3988}
	{bone "trench"}
	{matrix34
		0.9962 	 0.0872 	 0
		-0.0872 	 0.9962 	 0
		0 	 0 	 1
		-7.4997 	 19.8001 	 -19.6932
	}
}
{volume "body13"
	{box 21.2961 11.6194 6.3988}
	{bone "trench"}
	{matrix34
		0.2588 	 0.9513 	 0.1677
		-0.9659 	 0.2549 	 0.0449
		0 	 -0.1736 	 0.9848
		-3.1008 	 27.1283 	 -11.7159
	}
}
{volume "body14"
	{box 18.9557 17.0443 17.1743}
	{bone "trench"}
	{matrix34
		0.866 	 -0.5 	 0
		0.5 	 0.866 	 0
		0 	 0 	 1
		16.2516 	 24.0165 	 -14.3696
	}
}
{volume "body15"
	{box 21.2961 11.6194 6.3988}
	{bone "trench"}
	{matrix34
		-0.9962 	 0.0755 	 0.0436
		-0.0872 	 -0.8627 	 -0.4981
		0 	 -0.5 	 0.866
		-5.1067 	 33.8507 	 -17.9975
	}
}
{volume "body1"
	{box 31.9662 6.81045 24.9931}
	{bone "point1"}
	{matrix34
		0.9948 	 0.1017 	 0
		-0.1009 	 0.9874 	 -0.1218
		-0.0124 	 0.1212 	 0.9926
		8.4291 	 4.4444 	 -11.2709
	}
}
{volume "body2"
	{box 43.3289 6.81045 24.9931}
	{bone "point2"}
	{matrix34
		0.9948 	 0.1021 	 0
		-0.1013 	 0.9874 	 -0.1218
		-0.0124 	 0.1212 	 0.9926
		0.2418 	 3.7121 	 -11.2709
	}
}
{volume "body3"
	{box 43.3289 6.81045 24.9931}
	{bone "point3"}
	{matrix34
		0.9985 	 -0.0546 	 0
		0.0542 	 0.9911 	 -0.1218
		0.0066 	 0.1216 	 0.9926
		-0.8843 	 3.6883 	 -11.2709
	}
}
{volume "body4"
	{box 39.0267 6.81045 24.9931}
	{bone "point4"}
	{matrix34
		0.9948 	 0.1017 	 0
		-0.1009 	 0.9874 	 -0.1218
		-0.0124 	 0.1212 	 0.9926
		-1.5918 	 1.5214 	 -11.2709
	}
}
{volume "body5"
	{box 39.7849 6.81045 24.9931}
	{bone "point5"}
	{matrix34
		-0.9971 	 -0.0765 	 0
		0.0759 	 -0.9896 	 -0.1218
		0.0093 	 -0.1215 	 0.9926
		-0.5793 	 -0.5004 	 -11.2709
	}
}
{volume "body6"
	{box 57.6265 6.81045 24.9931}
	{bone "point6"}
	{matrix34
		-0.9989 	 -0.0475 	 0
		0.0471 	 -0.9914 	 -0.1218
		0.0058 	 -0.1217 	 0.9926
		-0.8961 	 -4.6327 	 -11.2709
	}
}
{volume "body7"
	{box 67.5297 6.81045 24.9931}
	{bone "point7"}
	{matrix34
		-0.999 	 0.0446 	 0
		-0.0443 	 -0.9916 	 -0.1218
		-0.0054 	 -0.1217 	 0.9926
		1.8791 	 -9.1019 	 -11.2709
	}
}
{volume "body8"
	{box 50.3083 6.81045 24.9931}
	{bone "point8"}
	{matrix34
		-0.9962 	 -0.0867 	 0
		0.086 	 -0.9888 	 -0.1218
		0.0106 	 -0.1214 	 0.9926
		-6.6923 	 -6.5137 	 -11.2709
	}
}
{volume "body9"
	{box 21.2961 11.6194 6.3988}
	{bone "trench"}
	{matrix34
		0.766 	 0.6428 	 0
		-0.6428 	 0.766 	 0
		0 	 0 	 1
		-28.0869 	 25.3994 	 -19.6932
	}
}
