;Exported by:	 Usuario
;Date:			 01.02.2016 19:57:17
;File:			 C:\Users\Usuario\Documents\3dsmax\scenes\WIP\trenches\mg_foxhole\mg_foxhole_simple.max
{skeleton
	{bone "foxhole"
		{parameters "CommonMesh;Ground;"}
		{orientation
			1 	 0 	 0
			0 	 -1 	 0
			0 	 0 	 1
		}
		{VolumeView "foxhole.ply"
			{Layer entity_opaque_biased}
		}
		{bone "point001"
			{Position 25.6479 	 -23.4876 	 -0.1644}
		}
		{bone "point002"
			{Position 0.3579 	 -25.1117 	 -0.1644}
		}
		{bone "point003"
			{Position -26.3242 	 -21.8635 	 -0.1644}
		}
		{bone "point004"
			{Position -39.3173 	 -2.3739 	 -0.1644}
		}
		{bone "point005"
			{Position -32.1247 	 17.1156 	 -0.1644}
		}
		{bone "point006"
			{Position -7.2987 	 25.9323 	 -0.1644}
		}
		{bone "point007"
			{Position 20.3115 	 23.3801 	 -0.1644}
		}
		{bone "link"
			{Position -27.7163 	 -0.5178 	 -20.8165}
		}
		{bone "plants"
			{matrix34
				0.155 	 -0.9879 	 0
				0 	 0 	 1
				-0.9879 	 -0.155 	 0
				42.0172 	 25.7286 	 6.6389
			}
			{VolumeView "plants.ply"}
		}
	}
}
{Obstacle "box006"
	{Obb2
		{Center 1.10333 25.3385}
		{Extent 13.4571 7.62087}
		{Axis 1 0}
	}
	{Rotate}
	{Tags "body"}
}
{Obstacle "box007"
	{Obb2
		{Center 25.7509 22.244}
		{Extent 7.53105 13.4861}
		{Axis 0.242574 0.970133}
	}
	{Rotate}
	{Tags "body"}
}
{Obstacle "box008"
	{Obb2
		{Center -26.2012 21.3203}
		{Extent 13.4778 7.57265}
		{Axis 0.933647 0.358194}
	}
	{Rotate}
	{Tags "body"}
}
{Obstacle "box009"
	{Obb2
		{Center -40.0978 2.01474}
		{Extent 13.4681 7.75377}
		{Axis 0.0356777 0.999363}
	}
	{Rotate}
	{Tags "body"}
}
{Obstacle "box010"
	{Obb2
		{Center -28.9567 -19.5441}
		{Extent 7.80645 13.4982}
		{Axis 0.616024 0.787727}
	}
	{Rotate}
	{Tags "body"}
}
{Obstacle "box011"
	{Obb2
		{Center -6.42368 -26.7413}
		{Extent 7.53062 13.4859}
		{Axis 0.0531046 0.998589}
	}
	{Rotate}
	{Tags "body"}
}
{Obstacle "box012"
	{Obb2
		{Center 20.264 -24.1931}
		{Extent 13.5199 7.59227}
		{Axis 0.974396 0.224839}
	}
	{Rotate}
	{Tags "body"}
}
{Area "cut"
	{Polygon2
		{Radius 0}
		{Vertex -5.77427 -39.2651}
		{Vertex 40.5896 -28.6339}
		{Vertex 50.9255 -9.14338}
		{Vertex 49.1536 19.7971}
		{Vertex 23.1663 31.9049}
		{Vertex -14.3383 31.9049}
		{Vertex -40.621 19.7971}
		{Vertex -48.0038 -3.23715}
		{Vertex -36.4866 -26.8621}
	}
	{Rotate}
}
{Volume "box006"
	{Box 9.51276 26.5545 26.9142}
	{Bone "point002"}
	{matrix34
		0 	 -0.9744 	 -0.2249
		0 	 -0.2249 	 0.9744
		-1 	 0 	 0
		0.7454 	 -0.2267 	 -6.7731
	}
}
{Volume "box007"
	{Box 9.51276 25.29 26.9142}
	{Bone "point001"}
	{matrix34
		0.24 	 -0.9443 	 -0.2249
		0.0554 	 -0.218 	 0.9744
		-0.9692 	 -0.2464 	 0
		0.103 	 1.2436 	 -8.002
	}
}
{Volume "box008"
	{Box 9.51276 25.7958 26.9142}
	{Bone "point003"}
	{matrix34
		-0.3465 	 -0.9107 	 -0.2249
		-0.08 	 -0.2102 	 0.9744
		-0.9346 	 0.3556 	 0
		0.1231 	 0.5431 	 -7.0003
	}
}
{Volume "box009"
	{Box 9.51276 27.5661 26.9142}
	{Bone "point004"}
	{matrix34
		-0.9738 	 -0.0334 	 -0.2249
		-0.2248 	 -0.0077 	 0.9744
		-0.0343 	 0.9994 	 0
		-0.7805 	 0.3592 	 -6.8847
	}
}
{Volume "box010"
	{Box 9.51276 27.5661 26.9142}
	{Bone "point005"}
	{matrix34
		-0.5961 	 0.7707 	 -0.2249
		-0.1376 	 0.1779 	 0.9744
		0.791 	 0.6118 	 0
		3.168 	 2.4284 	 -6.5952
	}
}
{Volume "box011"
	{Box 9.51276 25.29 26.9142}
	{Bone "point006"}
	{matrix34
		-0.0555 	 0.9728 	 -0.2249
		-0.0128 	 0.2246 	 0.9744
		0.9984 	 0.057 	 0
		0.875 	 0.809 	 -8.002
	}
}
{Volume "box012"
	{Box 9.51276 25.29 26.9142}
	{Bone "point007"}
	{matrix34
		0.2271 	 0.9475 	 -0.2249
		0.0524 	 0.2187 	 0.9744
		0.9725 	 -0.2331 	 0
		-0.0475 	 0.813 	 -8.002
	}
}
