;Exported by:	 guita
;Date:			 10.04.2020 14:58:15
;File:			 D:\Git\3D_Scenes\GoH_3D_vehicles_rus\vehicles\cannon\maxim MG\maxim_M1910-30_stand_export.max
{skeleton

	{bone revolute "basis"
		{parameters "wheelradius=0.18;"}
		{matrix34
			1 	 0 	 0
			0 	 -1  0
			0 	 0 	 1
			29	 0 	 83
			}
		{bone "body"
			{parameters "id=body;"}
			{bone "body_angular"
				{bone "mgun_holder1"
					{parameters "id=body;"}
					{matrix34
						1 	 0 	 0
						0 	 1 	 0
						0 	 0 	 1
						18.0465 	 -0.2919 	 18.4643
					}
					{VolumeView "mgun_holder1.ply"}
					{bone revolute "mgun_1_rot1"
						{parameters "id=body;"}
						{limits -30 30}
						{matrix34
							0.9744 	 0 	 0.225
							0 	 1 	 0
							-0.225 	 0 	 0.9744
							-0.2545 	 0.1621 	 0.4128
						}
						{VolumeView "mgun_1_rot1.ply"}
						{bone revolute "mgun_1_rot2"
							{parameters "id=body;"}
							{limits -15 20}
							{matrix34
								0.9744 	 0 	 -0.225
								0.225 	 0 	 0.9744
								0 	 -1 	 0
								-1.4255 	 0.1292 	 3.7753
							}
							{VolumeView "mgun_1_rot2.ply"}
							{bone "mgun"
								{matrix34
									1 	 0 	 0
									0 	 1 	 0
									0 	 0 	 1
									-10.6472 	 0.594 	 -0.0046
								}
							}
						}
						
				       {bone "shield"
					     {parameters "id=shield;"}
					     {Position 1.8178 	 0 	 0.5958}
					     {LODView
					      	{VolumeView "shield.ply"}
					    	{VolumeView "shield_lod1.ply"}
					     }
				       }
						{bone "gunner"
							{matrix34
								0.9744 	 0 	 -0.225
								0 	 1 	 0
								0.225 	 0 	 0.9744
								-21.1223 	 -0.0 	 -19.0
							}
						}
              		    {bone "commander"
		             	    {matrix34
								0.9744 	 0 	 -0.225
								0 	 1 	 0
								0.225 	 0 	 0.9744
         			    	   -15.8264 	 12.0437 	 -20.3022
	             		     }
	            	    }
					 }
				   }
				}
			}
				
			}
		{bone "pivot_front"
			{Position 0.0013 	 0.0081 	 3.6941}
			{bone "emit2"
				{matrix34
					0.9397 	 0.342 	 0
					-0.342 	 0.9397 	 0
					0 	 0 	 1
					-28.343 	 -14.3783 	 -22.9963
				}
			}
			{bone "emit1"
				{matrix34
					0.9976 	 0.0698 	 0
					-0.0698 	 0.9976 	 0
					0 	 0 	 1
					-29.2608 	 0.2022 	 -22.9963
				}
			}
		}

	}


{volume "shield1"
	{polyhedron "shield1.vol"}
	{bone "shield"}
	{matrix34
		0 	 1 	 0
		0 	 0 	 1
		1 	 0 	 0
		-3.6203 	 -0.104 	 8.4865
	}
}
{volume "shield2"
	{polyhedron "shield2.vol"}
	{bone "shield"}
	{matrix34
		0 	 1 	 0
		0 	 0 	 1
		1 	 0 	 0
		-3.6203 	 -0.104 	 8.4865
	}
}