;Exported by:	 Alexey
;Date:			 25.02.2017 06:29:02
;File:			 I:\VTV_models\Models_For_WiW\-buildings\-FIELD_FORTIFICATION\trenches_bare_dirt_coop2012\-Fixed\trench_dirt_turn3_v07.max
{skeleton
	{bone "trench"
		{parameters "commonmesh;land;align;"}
		{orientation
			1 	 0 	 0
			0 	 -1 	 0
			0 	 0 	 1
		}
		{VolumeView "trench.ply"
			{DecalTargetDynamic}
		}
		{bone "point4"
			{matrix34
				-0.9539 	 0.3 	 0
				-0.3 	 -0.9539 	 0
				0 	 0 	 1
				37.0151 	 -13.5917 	 -3.6684
			}
		}
		{bone "point3"
			{matrix34
				0.9792 	 -0.203 	 0
				0.203 	 0.9792 	 0
				0 	 0 	 1
				40.242 	 13.9319 	 -3.6684
			}
		}
		{bone "point2"
			{matrix34
				0.9925 	 -0.1223 	 0
				0.1223 	 0.9925 	 0
				0 	 0 	 1
				2.1215 	 15.6754 	 -3.6684
			}
		}
		{bone "point1"
			{matrix34
				0.9868 	 0.1619 	 0
				-0.1619 	 0.9868 	 0
				0 	 0 	 1
				-33.4109 	 10.4438 	 -3.6684
			}
		}
		{bone "point5"
			{matrix34
				0.9694 	 0.2454 	 0
				-0.2454 	 0.9694 	 0
				0 	 0 	 1
				-31.9415 	 -15.6292 	 -3.6684
			}
		}
		{bone "point6"
			{matrix34
				0.9961 	 -0.088 	 0
				0.088 	 0.9961 	 0
				0 	 0 	 1
				1.5647 	 -10.1398 	 -3.6684
			}
		}
	}
}
{area "cut"
	{polygon2
		{radius 0}
		{vertex 52.3248 21.167}
		{vertex -49.0003 21.5548}
		{vertex -56.7431 -11.2958}
		{vertex -29.2196 -19.7158}
		{vertex 1.23216 -23.3073}
		{vertex 29.3415 -19.8756}
		{vertex 59.275 -13.0999}
	}
	{rotate}
}
{obstacle "body1"
	{obb2
		{center -36.6212 -13.9125}
		{extent 2.19183 23.4051}
		{axis 0.25946 0.965754}
	}
	{rotate}
}
{obstacle "body2"
	{obb2
		{center 3.33268 -20.1084}
		{extent 20.3859 2.20428}
		{axis 0.999848 0.0174436}
	}
	{rotate}
}
{obstacle "body3"
	{obb2
		{center 41.8454 -15.773}
		{extent 22.0527 2.20438}
		{axis 0.96596 0.258691}
	}
	{rotate}
}
{obstacle "body4"
	{obb2
		{center 33.7736 13.1939}
		{extent 20.7105 2.27919}
		{axis 0.97817 0.207808}
	}
	{rotate}
}
{obstacle "body5"
	{obb2
		{center -31.2499 13.8185}
		{extent 2.29303 21.1287}
		{axis 0.225615 0.974217}
	}
	{rotate}
}
{obstacle "body6"
	{obb2
		{center 0.40456 9.19279}
		{extent 17.5476 2.16989}
		{axis 1 0}
	}
	{rotate}
}
{volume "body1"
	{box 46.79 6.81045 24.9931}
	{bone "point1"}
	{matrix34
		0.9948 	 0.1017 	 0
		-0.1009 	 0.9874 	 -0.1218
		-0.0124 	 0.1212 	 0.9926
		-2.6065 	 3.9425 	 -11.2709
	}
}
{volume "body2"
	{box 40.7424 6.81045 24.9931}
	{bone "point2"}
	{matrix34
		0.9948 	 0.1021 	 0
		-0.1013 	 0.9874 	 -0.1218
		-0.0124 	 0.1212 	 0.9926
		0.66 	 4.5478 	 -11.2709
	}
}
{volume "body3"
	{box 44.0783 6.81045 24.9931}
	{bone "point3"}
	{matrix34
		0.9985 	 -0.0546 	 0
		0.0542 	 0.9911 	 -0.1218
		0.0066 	 0.1216 	 0.9926
		0.7903 	 4.0866 	 -11.2709
	}
}
{volume "body4"
	{box 41.3554 6.81045 24.9931}
	{bone "point4"}
	{matrix34
		0.9948 	 0.1017 	 0
		-0.1009 	 0.9874 	 -0.1218
		-0.0124 	 0.1212 	 0.9926
		2.3113 	 3.455 	 -11.4008
	}
}
{volume "body5"
	{box 42.1866 6.81045 24.9931}
	{bone "point5"}
	{matrix34
		-0.9999 	 0.0134 	 0
		-0.0133 	 -0.9925 	 -0.1218
		-0.0016 	 -0.1218 	 0.9926
		0.1332 	 -2.292 	 -11.2709
	}
}
{volume "body6"
	{box 35.0811 6.81045 24.9931}
	{bone "point6"}
	{matrix34
		-0.9962 	 -0.0867 	 0
		0.086 	 -0.9888 	 -0.1218
		0.0106 	 -0.1214 	 0.9926
		-0.8869 	 -3.1433 	 -11.2709
	}
}
