;Exported by:	 marc-
;Date:			 19.02.2023 23:16:03
;File:			 
{skeleton
	{bone "basis"
		{orientation
			1 	 0 	 0
			0 	 -1 	 0
			0 	 0 	 1
		}
		{bone "body"
			{Position 14.0891 	 -0.0356 	 43.2283}
			{VolumeView "body.ply"}
		}
	}
}

{volume "body01"
	{box 4.03645 6.54839 83.7559}
	{bone "body"}
	{matrix34
		0.9574 	 0 	 -0.2889
		0 	 1 	 0
		0.2889 	 0 	 0.9574
		-29.2018 	 -32.2195 	 -3.1361
	}
}
{volume "body02"
	{box 4.03645 6.54839 83.7559}
	{bone "body"}
	{matrix34
		0.9574 	 0 	 -0.2889
		0 	 1 	 0
		0.2889 	 0 	 0.9574
		-29.2018 	 31.6779 	 -3.1361
	}
}
{volume "body03"
	{box 4.03645 6.54839 83.7559}
	{bone "body"}
	{matrix34
		0.9562 	 0 	 0.2927
		0 	 1 	 0
		-0.2927 	 0 	 0.9562
		-1.8879 	 -32.2195 	 -3.1361
	}
}
{volume "body04"
	{box 4.03645 6.54839 83.7559}
	{bone "body"}
	{matrix34
		0.9562 	 0 	 0.2927
		0 	 1 	 0
		-0.2927 	 0 	 0.9562
		-1.8879 	 31.6779 	 -3.1361
	}
}
{volume "body05"
	{box 4.3489 73.856 7.77257}
	{bone "body"}
	{Position -15.34 	 -0.7207 	 37.3738}
}
{volume "body06"
	{box 45.5714 3.0333 2.21394}
	{bone "body"}
	{Position -15.3346 	 -32.0618 	 -28.9383}
}
{volume "body07"
	{box 45.5714 3.0333 2.21394}
	{bone "body"}
	{Position -15.3346 	 32.3797 	 -28.9383}
}
