;Exported by:	 marc-
;Date:			 03.02.2023 20:32:22
;File:			 C:\Users\marc-\Desktop\Gates of Hell Exporting\Liberation Trenches\trenches_loghtmapped_2.max
{skeleton
	{bone "body"
		{parameters "commonmesh;land;align;"}
			{matrix34
			-1 	 0 	 0
			0 	 1 	 0
			0 	 0 	 1
			-50 	 0 	 0
		}
		{VolumeView "body.ply"
			{DecalTargetDynamic}
		}
		{bone "point200"
			{matrix34
				0.7998 	 -0.6003 	 0
				0.6003 	 0.7998 	 0
				0 	 0 	 1
				2.4832 	 27.8198 	 0.6759
			}
		}
		{bone "point201"
			{Position 43.1675 	 -10.0229 	 0.6759}
		}
		{bone "point202"
			{matrix34
				0.9869 	 -0.1613 	 0
				0.1613 	 0.9869 	 0
				0 	 0 	 1
				-44.6181 	 -41.806 	 0.6759
			}
		}
		{bone "point203"
			{matrix34
				0.84 	 0.5427 	 0
				-0.5427 	 0.84 	 0
				0 	 0 	 1
				-71.2047 	 35.758 	 0.6759
			}
		}
		{bone "point204"
			{matrix34
				0.8299 	 0.558 	 0
				-0.558 	 0.8299 	 0
				0 	 0 	 1
				-1.8076 	 -24.992 	 0.6759
			}
		}
		{bone "point205"
			{matrix34
				0.9877 	 -0.1563 	 0
				0.1563 	 0.9877 	 0
				0 	 0 	 1
				39.0811 	 13.0524 	 0.6759
			}
		}
		{bone "point206"
			{matrix34
				0.9951 	 -0.099 	 0
				0.099 	 0.9951 	 0
				0 	 0 	 1
				-41.5459 	 43.6116 	 0.6759
			}
		}
		{bone "point207"
			{matrix34
				0.2158 	 0.9764 	 0
				-0.9764 	 0.2158 	 0
				0 	 0 	 1
				-87.54 	 14.0107 	 0.6759
			}
		}
		{bone "point208"
			{Position -73.4917 	 -22.5549 	 0.6759}
		}
	
    {bone "exit"
		{parameters "commonmesh;land;align;"}
		{matrix34
			-1 	 0 	 0
			0 	-1 	 0
			0 	 0 	 1
			70 	1 	 0
		}
		{VolumeView "exit.ply"
			{DecalTargetDynamic}
		}
		{bone "point10"
			{Position 11.5774 	 -14.7956 	 -3}
		}
		{bone "point11"
			{matrix34
				-1 	 0 	 0
				0 	 -1 	 0
				0 	 0 	 1
				11.4622 	 12.4964 	 -3
			}
		}
	}
    {bone "sandbag"
			{matrix34
			1    0   0          ;1 	 0 	 0      
			0	 -1   0          ;1 	 1 	 0 
			0 	 0   1			;0 	 0   1
			0.0 	1.000 	 -20
			}
		{bone "sandbag_framed_straight_0"
			{matrix34
			0.8 	 -0.24 	 0          ;1 	 0 	 0      
			-0.24	 -0.75   0          ;1 	 1 	 0 
			0 	 0   1			;0 	 0   1
			-106.4 	 16.9 	 0
			}
		}
		{bone "sandbag_framed_straight_00"
			{matrix34
			0.8 	 0.2 	 0          ;1 	 0 	 0      
			0.2	 -0.75   0          ;1 	 1 	 0 
			0 	 0   1			;0 	 0   1
			-106.3 	 -18.0 	 0
			}
		}			

		{bone "sandbag_framed_curved_01"
			{matrix34
			0.8  0.36 0          ;1 	 0 	 0      
			0.36	 -0.8   0          ;1 	 1 	 0 
			0 	 0   1			;0 	 0   1
			-67.0 	49.000 	 0
			}
		}
		{bone "sandbag_framed_curved_03"
			{matrix34
			0.8 	 -0.4 	 0          ;1 	 0 	 0      
			-0.4	 -0.8   0          ;1 	 1 	 0 
			0 	 0   1			;0 	 0   1
			-4.5 	 46.5 	 0
			}
		}
		{bone "sandbag_framed_straight_01"
			{matrix34
			1 	 -0.4 	 0          ;1 	 0 	 0      
			-0.4	 -1   0          ;1 	 1 	 0 
			0 	 0   1			;0 	 0   1
			-4.5 	 60.0 	 0
			}
		}
		{bone "sandbag_framed_straight_03"
			{matrix34
			1 	 -0.46 	 0          ;1 	 0 	 0      
			-0.46	 -1   0          ;1 	 1 	 0 
			0 	 0   1			;0 	 0   1
			48.0 	 30.5 	 0
			}
		}
		{bone "sandbag_framed_curved_02"
			{matrix34
			0.8  -0.36 0          ;1 	 0 	 0      
			-0.36	 -0.8   0          ;1 	 1 	 0 
			0 	 0   1			;0 	 0   1
			-69.0 	-48.0 	 0
			}
		}
		{bone "sandbag_framed_curved_04"
			{matrix34
			0.8 	 0.38 	 0          ;1 	 0 	 0      
			0.38	 -0.8   0          ;1 	 1 	 0 
			0 	 0   1			;0 	 0   1
			-7.5 	 -48.0 	 0
			}
		}	
		{bone "sandbag_framed_straight_02"
			{matrix34
			1 	 0.44 	 0          ;1 	 0 	 0      
			0.44	 -1   0          ;1 	 1 	 0 
			0 	 0   1			;0 	 0   1
			-0.8 	 -57.6 	 0
			}
		}	
		{bone "sandbag_framed_straight_04"
			{matrix34
			1 	 0.44 	 0          ;1 	 0 	 0      
			0.44	 -1   0          ;1 	 1 	 0 
			0 	 0   1			;0 	 0   1
			70.8 	 -37.6 	 0
			}
		}
		{bone "backend_wall_01"
			{matrix34
			1 	 0.0 	 0          ;1 	 0 	 0      
			0.0	 -1   0          ;1 	 1 	 0 
			0 	 0   1			;0 	 0   1
			70.8 	 -37.6 	 0
			}
		}
		{bone "backend_wall_02"
			{matrix34
			1 	 0.15 	 0          ;1 	 0 	 0      
			0.15	 -1   0          ;1 	 1 	 0 
			0 	 0   0.9			;0 	 0   1
			41.5	 -35.9 	 17.0
			}
		}
		{bone "sandbag_pile_01"
			{matrix34
			-1 	 0.0	 0          ;1 	 0 	 0      
			0.0	 1   0            ;1 	 1 	 0 
			0 	 0   1			  ;0 	 0   1
			46 	 42.0 	 12
			}
		}		
		{bone "sandbag_pile_02"
			{matrix34
			-1 	 0.0	 0          ;1 	 0 	 0      
			0.0	 1   0            ;1 	 1 	 0 
			0 	 0   1			  ;0 	 0   1
			46	 -39.0 	 12.0
			}
		}
    }
	{bone "netting_square"
			{matrix34
			0 	1 	 0          ;1 	 0 	 0      
			1	 0   0          ;1 	 1 	 0 
			0 	 0   1			;0 	 0   1
			-18.0 	 0.000 	 -22.0
			}
	}
	}
}
{obstacle "body1"
	{obb2
		{center 40.6756 -15.068}
		{extent 17.1837 5.19276}
		{axis 0.998631 0.0523094}
	}
	{rotate}
}
{obstacle "body3"
	{obb2
		{center 3.90597 -32.001}
		{extent 26.006 5.18959}
		{axis 0.81933 0.573323}
	}
	{rotate}
}
{obstacle "body4"
	{obb2
		{center -40.5442 -47.7462}
		{extent 24.93 5.22323}
		{axis 1 0}
	}
	{rotate}
}
{obstacle "body5"
	{obb2
		{center -75.5335 -37.6551}
		{extent 5.24408 17.3824}
		{axis 0.629671 0.776862}
	}
	{rotate}
}
{obstacle "body6"
	{obb2
		{center -80.531 32.3485}
		{extent 26.1917 6.68889}
		{axis 0.731613 0.68172}
	}
	{rotate}
}
{obstacle "body7"
	{obb2
		{center -45.0392 44.9321}
		{extent 17.0131 5.23936}
		{axis 0.997567 0.0697212}
	}
	{rotate}
}
{obstacle "body8"
	{obb2
		{center 9.82274 27.2286}
		{extent 5.27007 21.7538}
		{axis 0.515485 0.856898}
	}
	{rotate}
}
{obstacle "body9"
	{obb2
		{center 43.243 14.2496}
		{extent 5.16593 16.0371}
		{axis 0.0879049 0.996129}
	}
	{rotate}
}
{obstacle "body10"
	{obb2
		{center -93.9191 -17.166}
		{extent 7.65927 11.8303}
		{axis 0.951106 0.308866}
	}
	{rotate}
}
{area "cut"
	{polygon2
		{radius 0}
		{vertex -37.8958 46.921}
		{vertex -13.4759 52.5086}
		{vertex 9.0387 52.1963}
		{vertex 42.4183 29.5315}
		{vertex 49.2711 -12.7586}
		{vertex 31.2796 -38.9811}
		{vertex 5.7366 -52.2201}
		{vertex -30.8949 -50.1216}
		{vertex -158.1607 -16.3578}
		{vertex -157.924 16.5471}
	}
	{rotate}
}
{volume "body1"
	{box 34.3394 6.81045 28.9931}
	{bone "point205"}
	{matrix34
		0.9948 	 0.1017 	 0
		-0.1009 	 0.9874 	 -0.1218
		-0.0124 	 0.1212 	 0.9926
		1.26 	 2.24 	 -11.2709
	}
}
{volume "body2"
	{box 51.9947 6.81045 28.9931}
	{bone "point200"}
	{matrix34
		0.9995 	 0.0317 	 0
		-0.0314 	 0.9921 	 -0.1218
		-0.0039 	 0.1218 	 0.9926
		-1.3722 	 4.1981 	 -11.2709
	}
}
{volume "body3"
	{box 49.8283 6.81045 28.9931}
	{bone "point206"}
	{matrix34
		0.9948 	 0.1021 	 0
		-0.1013 	 0.9874 	 -0.1218
		-0.0124 	 0.1212 	 0.9926
		0.5875 	 4.2134 	 -11.2709
	}
}
{volume "body4"
	{box 34.7071 6.81045 28.9931}
	{bone "point203"}
	{matrix34
		0.9948 	 0.1017 	 0
		-0.1009 	 0.9874 	 -0.1218
		-0.0124 	 0.1212 	 0.9926
		-2.6065 	 3.9425 	 -11.2709
	}
}
{volume "body5"
	{box 52.3486 9.60273 30.4427}
	{bone "point208"}
	{matrix34
		-0.7298 	 0.6836 	 0
		-0.6786 	 -0.7244 	 -0.1218
		-0.0833 	 -0.0889 	 0.9926
		-7.0393 	 -9.7936 	 -10.5515
	}
}
{volume "body6"
	{box 33.9699 6.81045 28.9931}
	{bone "point202"}
	{matrix34
		-0.9962 	 -0.0867 	 0
		0.086 	 -0.9888 	 -0.1218
		0.0106 	 -0.1214 	 0.9926
		0.0888 	 -3.1532 	 -11.2709
	}
}
{volume "body7"
	{box 43.4493 6.81045 28.9931}
	{bone "point204"}
	{matrix34
		-0.999 	 0.0446 	 0
		-0.0443 	 -0.9916 	 -0.1218
		-0.0054 	 -0.1217 	 0.9926
		8.4035 	 -8.3457 	 -11.2709
	}
}
{volume "body8"
	{box 32.0612 6.81045 28.9931}
	{bone "point201"}
	{matrix34
		-0.9962 	 -0.0867 	 0
		0.086 	 -0.9888 	 -0.1218
		0.0106 	 -0.1214 	 0.9926
		0.0755 	 -4.2267 	 -11.2709
	}
}
{volume "body9"
	{box 22.9067 6.81045 33.342}
	{bone "point207"}
	{matrix34
		0.9946 	 -0.1018 	 -0.022
		0.0927 	 0.9616 	 -0.2584
		0.0475 	 0.2549 	 0.9658
		1.7044 	 6.9096 	 -9.5588
	}
}

{obstacle "body11"
	{obb2
		{center 9.34174 17.1616}
		{extent 25.8612 2.37895}
		{axis 0.999391 0.0348818}
	}
	{rotate}
}
{obstacle "body12"
	{obb2
		{center 9.13129 -15.9912}
		{extent 2.29085 26.2024}
		{axis 0.0356777 0.999363}
	}
	{rotate}
}
{volume "body11"
	{box 51.6829 7.08344 24.9931}
	{bone "point10"}
	{matrix34
		-0.9995 	 0.0311 	 0
		-0.0309 	 -0.9921 	 -0.1218
		-0.0038 	 -0.1218 	 0.9926
		-2.2357 	 -4.366 	 -10.2782
	}
}
{volume "body12"
	{box 52.3486 6.81045 24.9931}
	{bone "point11"}
	{matrix34
		-0.9995 	 -0.0301 	 0
		0.0299 	 -0.9921 	 -0.1218
		0.0037 	 -0.1218 	 0.9926
		2.3309 	 -5.4948 	 -10.2781
	}
}
