;Exported by:	 Alexey
;Date:			 06.02.2017 18:14:51
;File:			 I:\VTV_models\Models_For_WiW\-buildings\-FIELD_FORTIFICATION\trenches_bare_dirt_coop2012\-Fixed\trench_dirt_T_v07.max
{skeleton
	{bone "basic"
		{matrix34
			1 	 0 	 0
			0 	 1 	 0
			0 	 0 	 1
			0 	 0 	 0
		}
	{bone "trench"
		{parameters "commonmesh;land;align;"}
		{orientation
			1 	 0 	 0
			0 	 -1 	 0
			0 	 0 	 1
		}
		{VolumeView "trench.ply"
			{DecalTargetDynamic}
		}
		{bone "point8"
			{matrix34
				-0.4495 	 -0.8933 	 0
				0.8933 	 -0.4495 	 0
				0 	 0 	 1
				-10.4176 	 11.5971 	 0.6684
			}
		}
		{bone "point7"
			{matrix34
				0.9996 	 -0.0272 	 0
				0.0272 	 0.9996 	 0
				0 	 0 	 1
				33.3537 	 -21.2367 	 0.6684
			}
		}
		{bone "point6"
			{matrix34
				0.9946 	 -0.1041 	 0
				0.1041 	 0.9946 	 0
				0 	 0 	 1
				-6.3611 	 -22.1432 	 0.6684
			}
		}
		{bone "point5"
			{matrix34
				0.994 	 0.1093 	 0
				-0.1093 	 0.994 	 0
				0 	 0 	 1
				-37.5076 	 -28.152 	 0.6684
			}
		}
		{bone "point1"
			{Position -33.4911 	 1.089 	 0.6684}
		}
		{bone "point2"
			{matrix34
				-0.1292 	 0.9916 	 0
				-0.9916 	 -0.1292 	 0
				0 	 0 	 1
				-13.9018 	 31.9441 	 0.6684
			}
		}
		{bone "point3"
			{matrix34
				0.9988 	 -0.0481 	 0
				0.0481 	 0.9988 	 0
				0 	 0 	 1
				35.6625 	 1.7752 	 0.6684
			}
		}
		{bone "point4"
			{matrix34
				0.0101 	 -0.9999 	 0
				0.9999 	 0.0101 	 0
				0 	 0 	 1
				15.0334 	 30.3315 	 0.6684
			}
		}
	}
	{bone "side_sandbag_stage"
		{matrix34
			1 	 0 	 0
			0 	 -1  0
			0 	 0 	 1.11
			0 	 10 	 -26  ; ?  z
		}
	    {bone "side_sandbag_01"
		    {matrix34
			    0.9 	 0 	 0
			    0 	 1 	 0
			    0 	 0 	 1
			   57 	 -1 	 0 ; -x  -z
		    }
	    }
	    {bone "side_sandbag_02"
		    {matrix34
			    0.9	 0 	 0
			    0 	 1 	 0
			    0 	 0 	 1
			    -56  -1   0
		    }
	    }
	    {bone "side_sandbag_03"
		    {matrix34
			    1 	 0 	 0
			    0 	 0.65 	 0
			    0 	 0 	 1
			   2 	 50 	 0
		    }
	    }
	}
	{bone "stair"
		{matrix34
			0  	 0.5 	 0
			0.6  0 	  	 0
			0 	 0 	 1.1
			0 	 -26 	 -24
		}
	}
	{bone "mgun_stage"
		{matrix34
			0  	 1 	 0
			1    0   0
			0 	 0 	 1
			19.4	 -8 	 -19
		}
	}
	{bone "bunker_stage"
		{matrix34
			0  	 1 	 0
			1    0   0
			0 	 0 	 1
			20.0 	 -8 	 -19
		}
	}
	}
}
{area "cut"
	{polygon2
		{radius 0}
		{vertex -14.2588 -34.1947}
		{vertex 15.6469 -34.1947}
		{vertex 49.3946 -2.16401}
		{vertex 49.3946 28.0379}
		{vertex -47.9123 28.0379}
		{vertex -47.9123 -2.16401}
	}
	{rotate}
}
{obstacle "body1"
	{obb2
		{center -36.0976 -1.85355}
		{extent 2.21078 18.0787}
		{axis 0.105268 0.994444}
	}
	{rotate}
}
{obstacle "body2"
	{obb2
		{center -14.3996 -31.5983}
		{extent 12.3475 2.15157}
		{axis 0.157142 0.987576}
	}
	{rotate}
}
{obstacle "body3"
	{obb2
		{center 34.6457 -1.47503}
		{extent 18.425 2.18229}
		{axis 0.994527 0.104476}
	}
	{rotate}
}
{obstacle "body4"
	{obb2
		{center 14.6634 -23.4229}
		{extent 19.1831 2.26926}
		{axis 0.105268 0.994444}
	}
	{rotate}
}
{obstacle "body5"
	{obb2
		{center -37.435 27.8182}
		{extent 2.25475 16.5235}
		{axis 0.191495 0.981494}
	}
	{rotate}
}
{obstacle "body6"
	{obb2
		{center -4.85644 24.2515}
		{extent 2.1583 18.6349}
		{axis 0.0356777 0.999363}
	}
	{rotate}
}
{obstacle "body7"
	{obb2
		{center 32.4613 24.8239}
		{extent 19.6416 2.18743}
		{axis 0.997567 0.0697212}
	}
	{rotate}
}
{obstacle "body8"
	{obb2
		{center -15.4662 -11.5809}
		{extent 2.19746 11.9377}
		{axis 0.927257 0.374426}
	}
	{rotate}
}
{obstacle "side_sandbag_01"
	{obb2
		{center 48 10.0} ;-x y
		{extent 17.0 3}
		{axis 0.0 1}
	}
	{rotate}
}
{obstacle "side_sandbag_02"
	{obb2
		{center -50 10.0} ;-x y
		{extent 17.0 2}
		{axis 0.0 1.0}
	}
	{rotate}
}
{volume "body1"
	{box 36.1205 6.81045 24.9931}
	{bone "point1"}
	{matrix34
		0.9948 	 0.1017 	 0
		-0.1009 	 0.9874 	 -0.1218
		-0.0124 	 0.1212 	 0.9926
		-2.6065 	 3.9425 	 -11.2709
	}
}
{volume "body2"
	{box 24.6902 6.81045 24.9931}
	{bone "point2"}
	{matrix34
		0.9996 	 0.0287 	 0
		-0.0285 	 0.9921 	 -0.1218
		-0.0035 	 0.1218 	 0.9926
		-0.0203 	 2.5215 	 -11.2709
	}
}
{volume "body3"
	{box 36.8296 6.81045 24.9931}
	{bone "point3"}
	{matrix34
		0.9985 	 -0.0546 	 0
		0.0542 	 0.9911 	 -0.1218
		0.0066 	 0.1216 	 0.9926
		-1.22 	 4.1964 	 -11.2709
	}
}
{volume "body4"
	{box 38.3006 6.81045 24.9931}
	{bone "point4"}
	{matrix34
		0.9948 	 0.1017 	 0
		-0.1009 	 0.9874 	 -0.1218
		-0.0124 	 0.1212 	 0.9926
		6.9347 	 2.5604 	 -11.2709
	}
}
{volume "body5"
	{box 32.9796 6.81045 24.9931}
	{bone "point5"}
	{matrix34
		-0.9971 	 -0.0765 	 0
		0.0759 	 -0.9896 	 -0.1218
		0.0093 	 -0.1215 	 0.9926
		-0.3286 	 -3.6522 	 -11.2709
	}
}
{volume "body6"
	{box 37.2629 6.81045 24.9931}
	{bone "point6"}
	{matrix34
		-0.9903 	 -0.1388 	 0
		0.1378 	 -0.9829 	 -0.1218
		0.0169 	 -0.1206 	 0.9926
		1.924 	 -3.9294 	 -11.2709
	}
}
{volume "body7"
	{box 39.2615 6.81045 24.9931}
	{bone "point7"}
	{matrix34
		-0.999 	 0.0446 	 0
		-0.0443 	 -0.9916 	 -0.1218
		-0.0054 	 -0.1217 	 0.9926
		-0.6854 	 -7.6087 	 -11.2709
	}
}
{volume "body8"
	{box 23.8309 6.81045 24.9931}
	{bone "point8"}
	{matrix34
		-0.9962 	 -0.0867 	 0
		0.086 	 -0.9888 	 -0.1218
		0.0106 	 -0.1214 	 0.9926
		2.2839 	 -4.5025 	 -11.2709
	}
}
