;Exported by:	 Carlos
;Date:			 03.03.2017 12:42:20
;File:			 C:\Users\Carlos\Documents\3dsmax\scenes\GoH_3D_gem_export\3d_headgear\ger_m40_cap\ger_m40_cap.max
{skeleton
	{bone "cap"
		{orientation
			1 	 0 	 0
			0 	 -1 	 0
			0 	 0 	 1
		}
		{LODView
			{VolumeView "ger_m43_cap.ply"}
			{VolumeView "ger_m43_cap_lod1.ply"}
			{VolumeView "ger_m43_cap_lod2.ply"}
		}
		{bone "handle"
			{matrix34
				0.9999 	 0.0106 	 0.0102
				-0.0101 	 0.999 	 -0.0427
				-0.0106 	 0.0426 	 0.999
				-0.0215 	 0.0206 	 2.7099
			}
		}
	}
}
{volume "body"
	{box 3.76904 2.79224 1.87644}
	{bone "cap"}
	{matrix34
		0.9361 	 0.0852 	 0.3414
		0 	 0.9703 	 -0.242
		-0.3518 	 0.2265 	 0.9082
		-0.4739 	 0.2307 	 4.1179
	}
}
{volume "select"
	{box 6.26063 3.53077 3.48473}
	{bone "cap"}
	{matrix34
		1 	 0 	 0
		0 	 0.9991 	 -0.0426
		0 	 0.0426 	 0.9991
		-0.0824 	 0.4004 	 4.1326
	}
}
{extender "preview"
	{"stuff"
		{lights
			{"0"
				{type directional}
				{direction 0.0001 	 -0.0919 	 0.0098}
			}
			{"1"
				{type point}
				{position 5.1972 	 -0.7183 	 4.1517}
			}
			{"2"
				{type point}
				{position -1.9023 	 -3.4206 	 5.5713}
			}
		}
	}
	{"stuff_preview"
		{camera
			{origin 6.7054 	 -6.7181 	 5.5123}
			{lookat 1.6238 	 -1.3191 	 4.2153}
			{fov 36.197}
			{horizon 3.71035}
		}
		{lights
			{"0"
				{type directional}
				{direction 0.0001 	 -0.0919 	 0.0098}
			}
			{"1"
				{type point}
				{position 5.1972 	 -0.7183 	 4.1517}
			}
			{"2"
				{type point}
				{position -1.9023 	 -3.4206 	 5.5713}
			}
		}
	}
	{"stuff"
		{camera
			{origin 6.7054 	 -6.7181 	 5.5123}
			{lookat 1.6238 	 -1.3191 	 4.2153}
			{fov 36.197}
			{horizon 3.71035}
		}
		{lights
			{"0"
				{type directional}
				{direction 0.0001 	 -0.0919 	 0.0098}
			}
			{"1"
				{type point}
				{position 5.1972 	 -0.7183 	 4.1517}
			}
			{"2"
				{type point}
				{position -1.9023 	 -3.4206 	 5.5713}
			}
		}
	}
}
