;Exported by:	 Carlos
;Date:			 04.01.2021 21:07:47
;File:			 T:\GoH_3D_environment_export\3d_landscape\cut_entity\trenches\foxholes\soldier_foxhole\soldier_foxhole_v2.max
{skeleton
	{bone "inside"
		{parameters "commonmesh;land;align;"}
		{orientation
			1 	 0 	 0
			0 	 -1 	 0
			0 	 0 	 1
		}
		{VolumeView "inside.ply"
		}
		{bone "sandbags2"
			{parameters "align;"}
			{Position 26.2557 	 0.4085 	 9.2368}
			{VolumeView "sandbags2.ply"}
		}
		{bone "01"
			{Position -0.2969 	 0.1488 	 -11.8228}
		}
		{bone "point1"
			{matrix34
				0.9848 	 -0.1736 	 0
				0.1736 	 0.9848 	 0
				0 	 0 	 1
				7.735 	 17.8423 	 2.4196
			}
		}
		{bone "point2"
			{Position 22.2063 	 7.3326 	 0.6684}
		}
		{bone "point3"
			{matrix34
				-0.3584 	 -0.9336 	 0
				0.9336 	 -0.3584 	 0
				0 	 0 	 1
				21.9132 	 -11.2882 	 4.3923
			}
		}
		{bone "point4"
			{matrix34
				0.1908 	 -0.9816 	 0
				0.9816 	 0.1908 	 0
				0 	 0 	 1
				5.641 	 -18.9761 	 2.4196
			}
		}
		{bone "fx_sandbag1"
			{Position 27.0357 	 0.5594 	 6.8862}
		}
	}
		{bone "mgun"
		  {matrix34
			1 	 0 	 0
			0 	 -1  0
			0 	 0 	 1
			18.0	 -4 	 4.9
		  }
		}
		{bone "table_01"
		{matrix34
			0 	 0.6 	 0
			1 	0  0
			0 	 0 	 1
			20	 0 	 -9.0
		}
		}
		{bone "lamp"
		{matrix34
			1 	 0 	 0
			0 	 -1  0
			0 	 0 	 1
			20	 -20.0	 15
		}
		}
		{bone "sandbag_pile_01"
		{matrix34
			1 	 -0.05 	 0
			-0.04 	 -1  0
			0 	 0 	 1
			11	 -18.0	 25
		}
		}
		{bone "sandbag_pile_02"
		{matrix34
			1 	 -0.05 	 0
			-0.04 	 -1  0
			0 	 0 	 1
			11	 14.0	 25
		}
		}
		{bone "sandbag_00"
		{matrix34
			1 	 0.10 	 0
			0.10 	 -1  0
			0 	 0 	 1
			35.7	 -4.2	 -2.5
		}
		}
		{bone "sandbag_01"
		{matrix34
			0.9 	0.03 	 0
			0.03 	 -1  0
			0 	 0 	 1
			0	 -38.0	 -4
		}
		}
		{bone "sandbag_02"
		{matrix34
			0.9 	0.03 	 0
			0.03 	 -1  0
			0 	 0 	 1
			0	 37.0	 -4
		}
		}
		{bone "wall_01"
		{matrix34
			0.8 	 0 	 0
			0 	 -0.6  0
			0 	 0 	 1
			0	 -30.0	 12
		}
		}
		{bone "wall_02"
		{matrix34
			0.8 	 0 	 0
			0 	 -0.6  0
			0 	 0 	 1
			0	 25.0 	 12
		}
		}
		{bone "bench_00"
		{matrix34
			0 	 0 	   1
			0 	 0.95  0
			1 	 0 	   0
			16	 -1.0 	 22.0
		}
		}
		{bone "bench_01"
		{matrix34
			1 	 0 	 0
			0 	 -0.95  0
			0 	 0 	 1
			26	 -1.0 	 8.0
		}
		}
		{bone "bench_02"
		{matrix34
			1 	 0 	 0
			0 	 -0.95  0
			0 	 0 	 1
			18	 -1.0 	 8.0
		}
		}
		{bone "bench_03"
		{matrix34
			1 	 0 	 0
			0 	 -0.95  0
			0 	 0 	 1
			10	 -1.0 	 8.0
		}
		}
		{bone "bench_04"
		{matrix34
			1 	 0 	 0
			0 	 -0.95  0
			0 	 0 	 1
			2	 -1.0 	 8.0
		}
		}
		{bone "bench_05"
		{matrix34
			1 	 0 	 0
			0 	 -0.95  0
			0 	 0 	 1
			-6	 -1.0 	 8.0
		}
		}
		{bone "bench_06"
		{matrix34
			1 	 0 	 0
			0 	 -0.95  0
			0 	 0 	 1
			-14	 -1.0 	 8.0
		}
		}
		{bone "bench_07"
		{matrix34
			1 	 0 	 0
			0 	 -0.95  0
			0 	 0 	 1
			-22	 -1.0 	 8.0
		}
		}
		{bone "bench_08"
		{matrix34
			1 	 0 	 0
			0 	 -0.95  0
			0 	 0 	 1
			-30	 -1.0 	 8.0
		}
		}
		
}
{area "cut"
	{polygon2
		{radius 0}
		{vertex 5.10065 -19.6583}
		{vertex 20.3109 -15.9321}
		{vertex 24.1134 -2.33144}
		{vertex 22.4838 9.03349}
		{vertex 14.1543 17.4175}
		{vertex 0.392708 20.5847}
		{vertex -12.6446 16.6722}
		{vertex -22.9659 10.5239}
		{vertex -24.7766 -1.77254}
		{vertex -20.2497 -14.628}
		{vertex -8.66098 -19.2857}
	}
	{rotate}
}
{obstacle "body1"
	{obb2
		{center 12.6065 -17.7605}
		{extent 14.4464 4.05973}
		{axis 0.974396 0.224839}
	}
	{rotate}
}
{obstacle "body2"
	{obb2
		{center 23.5217 -7.07895}
		{extent 9.33918 5.70789}
		{axis 0.242574 0.970133}
	}
	{rotate}
}
{obstacle "body3"
	{obb2
		{center 20.6779 9.85136}
		{extent 5.12025 10.7926}
		{axis 0.874744 0.484585}
	}
	{rotate}
}
{obstacle "body4"
	{obb2
		{center 8.85083 19.1312}
		{extent 4.04834 14.4442}
		{axis 0.225615 0.974217}
	}
	{rotate}
}
{volume "body1"
	{box 26.1199 6.81045 15.748}
	{bone "point1"}
	{matrix34
		0.9776 	 -0.0566 	 0.2026
		0.0726 	 0.9947 	 -0.0726
		-0.1974 	 0.0857 	 0.9766
		4.8117 	 0.7654 	 -3.0096
	}
}
{volume "body2"
	{box 18.3634 6.81045 15.748}
	{bone "point2"}
	{matrix34
		0.2454 	 -0.9692 	 0.0189
		0.923 	 0.2276 	 -0.3104
		0.2966 	 0.0936 	 0.9504
		1.3154 	 -0.2536 	 0.5944
	}
}
{volume "body3"
	{box 21.5255 6.81045 15.748}
	{bone "point3"}
	{matrix34
		0.9901 	 -0.1402 	 -0.0034
		0.1358 	 0.9643 	 -0.2274
		0.0351 	 0.2247 	 0.9738
		-0.8987 	 -1.6682 	 -2.9148
	}
}
{volume "body4"
	{box 26.1199 6.81045 15.748}
	{bone "point4"}
	{matrix34
		0.0395 	 -0.9785 	 -0.2026
		0.9958 	 0.0553 	 -0.0726
		0.0823 	 -0.1988 	 0.9766
		0.7647 	 3.1213 	 -3.0096
	}
}
