;Exported by:	 Carlos
;Date:			 12.09.2017 18:58:49
;File:			 H:\GoH_3D_gem_export\3d_environment\_military\fortifications\sandbags_new\sandbag_spread.max
{skeleton
	{bone "basis"
		{orientation
			1 	 0 	 0
			0 	 -1 	 0
			0 	 0 	 1
		}
		{bone "piece01"
			{parameters "id=body;"}
			{matrix34
				0.5617 	 -0.8274 	 0
				0.8274 	 0.5617 	 0
				0 	 0 	 1
				40.0477 	 15.3586 	 2.3481
			}
			{VolumeView "piece_01.ply"}
		}
		{bone "piece02"
			{parameters "id=body;"}
			{matrix34
				0 	 -1 	 0
				1 	 0 	 0
				0 	 0 	 1
				-32.316 	 -37.5871 	 2.3481
			}
			{VolumeView "piece_02.ply"}
		}
		{bone "piece04"
			{parameters "id=body;"}
			{matrix34
				0.99 	 -0.0809 	 -0.1156
				0.0697 	 0.9928 	 -0.0976
				0.1227 	 0.0886 	 0.9885
				10.0639 	 30.6256 	 1.6634
			}
			{VolumeView "piece_04.ply"}
		}
		{bone "piece05"
			{parameters "id=body;"}
			{matrix34
				0.5818 	 -0.8133 	 0
				0.8133 	 0.5818 	 0
				0 	 0 	 1
				-23.781 	 -4.9788 	 2.3481
			}
			{VolumeView "piece_05.ply"}
		}
		{bone "piece06"
			{parameters "id=body;"}
			{matrix34
				-0.5439 	 -0.8391 	 -0.0045
				0.7403 	 -0.4823 	 0.4683
				-0.3951 	 0.2514 	 0.8835
				-3.4604 	 -18.6247 	 8.0463
			}
			{VolumeView "piece_06.ply"}
		}
		{bone "piece07"
			{parameters "id=body;"}
			{matrix34
				0 	 -1 	 0
				1 	 0 	 0
				0 	 0 	 1
				27.7078 	 -59.7277 	 2.3481
			}
			{VolumeView "piece_07.ply"}
		}
		{bone "piece09"
			{parameters "id=body;"}
			{matrix34
				-0.5107 	 0.8324 	 0.2151
				-0.8523 	 -0.523 	 0
				0.1125 	 -0.1833 	 0.9766
				9.8312 	 -34.3236 	 4.982
			}
			{VolumeView "piece_09.ply"}
		}
		{bone "piece10"
			{parameters "id=body;"}
			{matrix34
				-0.1501 	 -0.9668 	 0.207
				0.9882 	 -0.1534 	 0
				0.0318 	 0.2046 	 0.9783
				11.6487 	 -12.6656 	 2.5631
			}
			{VolumeView "piece_10.ply"}
		}
		{bone "piece11"
			{parameters "id=body;"}
			{matrix34
				0.5406 	 0.8413 	 0
				-0.8413 	 0.5406 	 0
				0 	 0 	 1
				-4.88 	 15.5982 	 2.3481
			}
			{VolumeView "piece_11.ply"}
		}
	}
}
{volume "piece01"
	{box 12.7555 19.1189 4.73583}
	{bone "piece01"}
	{matrix34
		-0.0471 	 0.9989 	 0
		-0.9989 	 -0.0471 	 0
		0 	 0 	 1
		0.6079 	 0.1993 	 0.0198
	}
}
{volume "piece02"
	{box 12.7555 19.1189 4.73583}
	{bone "piece02"}
	{matrix34
		0.6636 	 0.7481 	 0
		-0.7481 	 0.6636 	 0
		0 	 0 	 1
		-0.0256 	 0.0818 	 0.0198
	}
}
{volume "piece04"
	{box 12.7555 19.1189 4.73583}
	{bone "piece04"}
	{matrix34
		0.4189 	 -0.904 	 -0.0859
		0.8997 	 0.4259 	 -0.095
		0.1225 	 -0.0375 	 0.9918
		-0.3002 	 0.337 	 0.6387
	}
}
{volume "piece05"
	{box 12.7555 19.1189 4.73583}
	{bone "piece05"}
	{matrix34
		0.4126 	 0.9109 	 0
		-0.9109 	 0.4126 	 0
		0 	 0 	 1
		-0.1683 	 0.4698 	 0.0198
	}
}
{volume "piece06"
	{box 12.7555 19.1189 4.73583}
	{bone "piece06"}
	{matrix34
		0.0364 	 0.9895 	 -0.1401
		-0.999 	 0.0398 	 0.0217
		0.027 	 0.1392 	 0.9899
		-0.155 	 -1.2441 	 0.4429
	}
}
{volume "piece07"
	{box 12.7555 19.1189 4.73583}
	{bone "piece07"}
	{matrix34
		0.3206 	 0.9472 	 0
		-0.9472 	 0.3206 	 0
		0 	 0 	 1
		-1.0559 	 0.6414 	 0.0198
	}
}
{volume "piece09"
	{box 12.7555 19.1189 4.73583}
	{bone "piece09"}
	{matrix34
		-0.0598 	 0.9973 	 0.0429
		-0.9961 	 -0.0568 	 -0.0681
		-0.0654 	 -0.0468 	 0.9968
		-0.7843 	 0.1173 	 0.5734
	}
}
{volume "piece10"
	{box 12.7555 19.1189 4.73583}
	{bone "piece10"}
	{matrix34
		0.1862 	 0.9805 	 -0.0627
		-0.981 	 0.1891 	 0.0425
		0.0535 	 0.0535 	 0.9971
		-0.2896 	 0.7378 	 1.4533
	}
}
{volume "piece11"
	{box 12.7555 19.1189 4.73583}
	{bone "piece11"}
	{matrix34
		0.3547 	 -0.935 	 0
		0.935 	 0.3547 	 0
		0 	 0 	 1
		0.6989 	 -0.4177 	 0.0198
	}
}
