;Exported by:	 Alexey
;Date:			 06.02.2017 19:26:01
;File:			 I:\VTV_models\Models_For_WiW\-buildings\-FIELD_FORTIFICATION\trenches_bare_dirt_coop2012\-Fixed\trench_dirt_turn2_v07.max
{skeleton
	{bone "trench"
		{parameters "commonmesh;land;align;"}
		{orientation
			1 	 0 	 0
			0 	 -1 	 0
			0 	 0 	 1
		}
		{VolumeView "trench.ply"
			{DecalTargetDynamic}
		}
		{bone "point4"
			{matrix34
				-0.975 	 0.2221 	 0
				-0.2221 	 -0.975 	 0
				0 	 0 	 1
				25.5252 	 -21.1244 	 -3.6684
			}
		}
		{bone "point3"
			{matrix34
				0.9924 	 -0.1233 	 0
				0.1233 	 0.9924 	 0
				0 	 0 	 1
				25.731 	 5.3682 	 -3.6684
			}
		}
		{bone "point2"
			{matrix34
				0.9991 	 -0.0418 	 0
				0.0418 	 0.9991 	 0
				0 	 0 	 1
				-8.0709 	 7.2063 	 -3.6684
			}
		}
		{bone "point1"
			{matrix34
				0.9705 	 0.241 	 0
				-0.241 	 0.9705 	 0
				0 	 0 	 1
				-37.3438 	 1.4139 	 -3.6684
			}
		}
		{bone "point5"
			{matrix34
				0.9464 	 0.3229 	 0
				-0.3229 	 0.9464 	 0
				0 	 0 	 1
				-35.7806 	 -26.9711 	 -3.6684
			}
		}
		{bone "point6"
			{matrix34
				1 	 -0.0073 	 0
				0.0073 	 1 	 0
				0 	 0 	 1
				-6.6972 	 -20.6515 	 -3.6684
			}
		}
	}
}
{area "cut"
	{polygon2
		{radius 0}
		{vertex 38.8421 25.8256}
		{vertex -48.6363 33.0612}
		{vertex -61.1807 2.61482}
		{vertex -37.1094 -7.78236}
		{vertex -8.13561 -12.7528}
		{vertex 21.3264 -11.696}
		{vertex 44.9134 -5.1952}
	}
	{rotate}
}
{obstacle "body1"
	{obb2
		{center -40.8236 -1.78426}
		{extent 2.24958 23.4176}
		{axis 0.342602 0.939481}
	}
	{rotate}
}
{obstacle "body2"
	{obb2
		{center -7.22154 -9.7226}
		{extent 2.25596 15.0017}
		{axis 0.0531046 0.998589}
	}
	{rotate}
}
{obstacle "body3"
	{obb2
		{center 27.0191 -7.32618}
		{extent 20.9886 2.22435}
		{axis 0.984823 0.173561}
	}
	{rotate}
}
{obstacle "body4"
	{obb2
		{center 22.5044 21.9799}
		{extent 18.3506 2.14672}
		{axis 0.992554 0.121808}
	}
	{rotate}
}
{obstacle "body5"
	{obb2
		{center -34.9145 27.0974}
		{extent 2.15623 17.9918}
		{axis 0.309623 0.950859}
	}
	{rotate}
}
{obstacle "body6"
	{obb2
		{center -7.60711 21.7882}
		{extent 2.26408 13.858}
		{axis 0.0879049 0.996129}
	}
	{rotate}
}
{volume "body1"
	{box 46.79 6.81045 24.9931}
	{bone "point1"}
	{matrix34
		0.9948 	 0.1017 	 0
		-0.1009 	 0.9874 	 -0.1218
		-0.0124 	 0.1212 	 0.9926
		-2.6065 	 3.9425 	 -11.2709
	}
}
{volume "body2"
	{box 29.9284 6.81045 24.9931}
	{bone "point2"}
	{matrix34
		0.9948 	 0.1021 	 0
		-0.1013 	 0.9874 	 -0.1218
		-0.0124 	 0.1212 	 0.9926
		0.66 	 4.5478 	 -11.2709
	}
}
{volume "body3"
	{box 41.939 6.81045 24.9931}
	{bone "point3"}
	{matrix34
		0.9985 	 -0.0546 	 0
		0.0542 	 0.9911 	 -0.1218
		0.0066 	 0.1216 	 0.9926
		0.7903 	 4.0866 	 -11.2709
	}
}
{volume "body4"
	{box 36.7008 6.81045 24.9931}
	{bone "point4"}
	{matrix34
		0.9948 	 0.1017 	 0
		-0.1009 	 0.9874 	 -0.1218
		-0.0124 	 0.1212 	 0.9926
		2.3113 	 3.455 	 -11.4008
	}
}
{volume "body5"
	{box 35.9776 6.81045 24.9931}
	{bone "point5"}
	{matrix34
		-0.9999 	 0.0134 	 0
		-0.0133 	 -0.9925 	 -0.1218
		-0.0016 	 -0.1218 	 0.9926
		0.1332 	 -2.292 	 -11.2709
	}
}
{volume "body6"
	{box 27.6287 6.81045 24.9931}
	{bone "point6"}
	{matrix34
		-0.9962 	 -0.0867 	 0
		0.086 	 -0.9888 	 -0.1218
		0.0106 	 -0.1214 	 0.9926
		-0.8869 	 -3.1433 	 -11.2709
	}
}
