;Exported by:	 guita
;Date:			 28.03.2022 22:35:48
;File:			 D:\Git\3D_Scenes\GoH_3D_environment_export\3d_environment\_military\fortifications\watch_tower\watchtower.max
{skeleton
	{bone "tower"
		{orientation
			1 	 0 	 0
			0 	 -1 	 0
			0 	 0 	 1
		}
		{VolumeView "tower.ply"}

		{bone "exterior"
			{matrix34
				0 	 -1 	 0
				1 	 0 	 0
				0 	 0 	 1
				1.1097 	 0.9539 	 105.739
			}
			{VolumeView "exterior.ply"}
		}
		{bone "attach2"
			{matrix34
				0 	 1 	 0
				-1 	 0 	 0
				0 	 0 	 1
				9.9668 	 14.4186 	 62.0048
			}
		}
		{bone "attach3"
			{matrix34
				-1 	 0 	 0
				0 	 -1 	 0
				0 	 0 	 1
				-15.7536 	 -4.9208 	 62.0048
			}
		}
		{bone "attach4"
			{matrix34
				0 	 -1 	 0
				1 	 0 	 0
				0 	 0 	 1
				0.6802 	 -8.8795 	 62.0048
			}
		}
		{bone "attach1"
			{Position 14.3177 	 3.2449 	 62.0048}
		}
		{bone "node_ladder_bottom"
			{matrix34
				0.9744 	 0 	 -0.225
				0 	 1 	 0
				0.225 	 0 	 0.9744
				-15.5062 	 12.0051 	 8.1586
			}
		}
		{bone "node_ladder_top"
			{matrix34
				0.9744 	 0 	 -0.225
				0 	 1 	 0
				0.225 	 0 	 0.9744
				-5.928 	 12.3858 	 44.3485
			}
		}
		{bone "emit"
			{Position -25.2933 	 12.4668 	 0}
		}
		{bone "detail1"
			{Position 25.1841 	 5.6337 	 64.5696}
			{bone "sandbag"
				{Position 0 	 0 	 0}
			}
		}


		{bone "box_01"
			{matrix34
			0.5	0  0 
			0 	0.9  0
			0 	0  0.8
			18.0 	 13.0 	 62
			}
		}
		{bone "box_02"
			{matrix34
			0.5	0  0 
			0 	0.9  0
			0 	0  0.8
			18.0 	 -8.0 	 62
			}
		}
		{bone "mgun"
			{matrix34
			1	0  0 
			0 	1  0
			0 	0  1
			18.0 	 -4.0 	 80.0
			}
		}
		{bone "search_light"
			{matrix34
				1	0  0 
				0 	1  0
				0 	0  1
				22.0 	 15.0 	 61
			}
		}
		{bone "mgun_stage"
			{matrix34
				1 	 0 	 0
				0 	 1 	 0
				0 	 0 	 1
				20.5	 -0.0 0
			}
		}	
		{bone "search_light_stage"
			{matrix34
				1 	 0 	 0
				0 	 1 	 0
				0 	 0 	 1
				20	 -0.0 0
			}
		}
		{bone "lampshade_01"
			{matrix34
				0 	 -1 	 0
				-1 	 0   0
				0 	 0 	 1
				-23.5	 20.7 	89 ; z  -x    y
			}
		}
		{bone "sandbag_ground"
			{matrix34
				1	0  0 
				0 	1  0
				0 	0  1
				0.0 	 1.3 	0.0
			}
		}
	}
}
{obstacle "body02"
	{obb2
		{center -25.8805 -28.2732}
		{extent 7.23822 1.78591}
		{axis 0.743393 0.668854}
	}
	{rotate}
	{Tags "body" "fire"}
}
{obstacle "body03"
	{obb2
		{center 28.2929 -28.4468}
		{extent 1.78758 9.04614}
		{axis 0.707388 0.706825}
	}
	{rotate}
	{Tags "body" "fire"}
}
{obstacle "body04"
	{obb2
		{center 28.9463 25.457}
		{extent 8.42809 1.7853}
		{axis 0.669446 0.742861}
	}
	{rotate}
	{Tags "body" "fire"}
}
{obstacle "body05"
	{obb2
		{center -26.3933 23.8892}
		{extent 1.79755 8.02225}
		{axis 0.809204 0.587528}
	}
	{rotate}
	{Tags "body" "fire"}
}
{area "interior"
	{obb2
		{center -0.230873 -0.552998}
		{extent 41.4572 40.8773}
		{axis 1.62824e-007 -1}
	}
	{rotate}
}
{volume "body02"
	{cylinder 1.78168 106.817}
	{bone "tower"}
	{matrix34
		-0.112 	 -0.9919 	 -0.0607
		0.9907 	 -0.1067 	 -0.0844
		0.0772 	 -0.0696 	 0.9946
		-25.8805 	 28.2732 	 53.1191
	}
}
{volume "body03"
	{cylinder 1.78168 112.029}
	{bone "tower"}
	{matrix34
		-0.9731 	 0.2191 	 -0.0705
		-0.2107 	 -0.9713 	 -0.1104
		-0.0927 	 -0.0925 	 0.9914
		28.2929 	 28.4468 	 55.5321
	}
}
{volume "body04"
	{cylinder 1.78168 112.029}
	{bone "tower"}
	{matrix34
		0.1928 	 0.9786 	 -0.0724
		-0.9779 	 0.1856 	 -0.096
		-0.0806 	 0.0893 	 0.9927
		28.9463 	 -25.457 	 55.6081
	}
}
{volume "body05"
	{cylinder 1.78168 105.307}
	{bone "tower"}
	{matrix34
		0.9973 	 0.0117 	 -0.0724
		-0.0186 	 0.9952 	 -0.096
		0.0709 	 0.0971 	 0.9927
		-26.3933 	 -23.8892 	 52.2716
	}
}
{volume "body06"
	{box 49.8426 2.50718 53.0759}
	{bone "tower"}
	{matrix34
		-1 	 0 	 0
		0 	 0 	 1
		0 	 1 	 0
		1.3961 	 1.9553 	 61.4917
	}
}
{volume "body07"
	{box 74.0471 3.54568 0.99279}
	{bone "tower"}
	{matrix34
		-0.8279 	 0.0343 	 -0.5599
		-0.5594 	 0.0232 	 0.8286
		0.0414 	 0.9991 	 0
		-0.1848 	 27.2342 	 33.4682
	}
}
{volume "body08"
	{box 74.0471 3.54568 0.99279}
	{bone "tower"}
	{matrix34
		-0.8326 	 -0.0334 	 0.5529
		0.5537 	 -0.0785 	 0.829
		0.0157 	 0.9964 	 0.0838
		1.6594 	 27.8603 	 34.5113
	}
}
{volume "body09"
	{box 74.0471 3.54568 0.99279}
	{bone "tower"}
	{matrix34
		-0.8305 	 0.0673 	 0.5529
		0.5402 	 -0.1447 	 0.829
		0.1358 	 0.9872 	 0.0838
		1.719 	 -24.2294 	 34.5113
	}
}
{volume "body10"
	{box 74.0471 3.54568 0.99279}
	{bone "tower"}
	{matrix34
		-0.8286 	 -0.0017 	 -0.5599
		-0.5599 	 -0.0012 	 0.8286
		-0.0021 	 1 	 0
		-0.2064 	 -24.7175 	 33.4682
	}
}
{volume "body11"
	{box 1.72995 1.59176 65.5872}
	{bone "tower"}
	{matrix34
		0 	 -1 	 0
		0.968 	 0 	 -0.2511
		0.2511 	 0 	 0.968
		-6.0442 	 16.4837 	 31.7429
	}
}
{volume "body12"
	{box 1.72995 1.59176 65.5242}
	{bone "tower"}
	{matrix34
		0 	 -1 	 0
		0.968 	 0 	 -0.2511
		0.2511 	 0 	 0.968
		-6.0521 	 7.2718 	 31.7124
	}
}
{volume "body13"
	{box 74.0471 3.54568 0.99279}
	{bone "tower"}
	{matrix34
		-0.0343 	 -0.8279 	 -0.5599
		-0.0232 	 -0.5594 	 0.8286
		-0.9991 	 0.0414 	 0
		-24.9505 	 0.081 	 36.6048
	}
}
{volume "body14"
	{box 74.0471 3.54568 0.99279}
	{bone "tower"}
	{matrix34
		0.0334 	 -0.8326 	 0.5529
		0.0785 	 0.5537 	 0.829
		-0.9964 	 0.0157 	 0.0838
		-25.5765 	 1.9252 	 37.6479
	}
}
{volume "body15"
	{box 74.0471 3.54568 0.99279}
	{bone "tower"}
	{matrix34
		0.0017 	 -0.8286 	 -0.5599
		0.0012 	 -0.5599 	 0.8286
		-1 	 -0.0021 	 0
		27.0012 	 0.0594 	 36.6048
	}
}
{volume "body16"
	{box 74.0471 3.54568 0.99279}
	{bone "tower"}
	{matrix34
		-0.0315 	 -0.8326 	 0.5529
		0.1213 	 0.5459 	 0.829
		-0.9921 	 0.0932 	 0.0838
		27.126 	 1.9637 	 37.6479
	}
}

{volume "hole1"
	{box 14.4598 19.8034 7.47452}
	{bone "tower"}
	{matrix34
		0 	 -1 	 0
		1 	 0 	 0
		0 	 0 	 1
		-7.2853 	 11.751 	 62.1768
	}
}
{volume "place1"
	{box 14.1929 49.1929 28.3303}
	{bone "tower"}
	{Position 23.7856 	 2.4742 	 74.8966}
}
{volume "place2"
	{box 14.1929 49.1929 21.9291}
	{bone "tower"}
	{matrix34
		0 	 -1 	 0
		1 	 0 	 0
		0 	 0 	 1
		0.1849 	 26.5247 	 71.696
	}
}
{volume "place3"
	{box 8.23189 49.1929 18.2118}
	{bone "tower"}
	{Position -27.2099 	 3.2419 	 69.8374}
}
{volume "place4"
	{box 14.1929 49.1929 21.9291}
	{bone "tower"}
	{matrix34
		0 	 -1 	 0
		1 	 0 	 0
		0 	 0 	 1
		2.2205 	 -20.3155 	 71.696
	}
}
{volume "roof01"
	{box 57.4158 4.01147 53.1095}
	{bone "exterior"}
	{matrix34
		0 	 -0.9902 	 -0.1399
		0 	 -0.1399 	 0.9902
		-1 	 0 	 0
		-1.6069 	 0.3963 	 2.5396
	}
}