;Exported by:	 Alexey
;Date:			 25.02.2017 06:25:55
;File:			 I:\VTV_models\Models_For_WiW\-buildings\-FIELD_FORTIFICATION\trenches_bare_dirt_coop2012\-Fixed\trench_dirt_turn4_v01.max
{skeleton
	{bone "trench"
		{parameters "commonmesh;land;align;"}
		{orientation
			1 	 0 	 0
			0 	 -1 	 0
			0 	 0 	 1
		}
		{VolumeView "trench.ply"
			{DecalTargetDynamic}
		}
		{bone "point4"
			{matrix34
				-0.9539 	 0.3 	 0
				-0.3 	 -0.9539 	 0
				0 	 0 	 1
				37.0151 	 -15.2022 	 -3.6684
			}
		}
		{bone "point3"
			{matrix34
				0.9579 	 -0.2872 	 0
				0.2872 	 0.9579 	 0
				0 	 0 	 1
				40.242 	 13.9319 	 -3.6684
			}
		}
		{bone "point2"
			{matrix34
				0.9925 	 -0.1223 	 0
				0.1223 	 0.9925 	 0
				0 	 0 	 1
				0.2127 	 20.5357 	 -3.6684
			}
		}
		{bone "point1"
			{matrix34
				0.9868 	 0.1619 	 0
				-0.1619 	 0.9868 	 0
				0 	 0 	 1
				-35.6177 	 14.1926 	 -3.6684
			}
		}
		{bone "point5"
			{matrix34
				0.9694 	 0.2454 	 0
				-0.2454 	 0.9694 	 0
				0 	 0 	 1
				-31.9415 	 -16.2397 	 -3.6684
			}
		}
		{bone "point6"
			{matrix34
				0.9961 	 -0.088 	 0
				0.088 	 0.9961 	 0
				0 	 0 	 1
				1.5647 	 -8.1398 	 -3.6684
			}
		}
	}
}
{area "cut"
	{polygon2
		{radius 0}
		{vertex 47.585 21.5049}
		{vertex -44.6573 21.3384}
		{vertex -59.5866 -8.08935}
		{vertex -34.8815 -19.7158}
		{vertex 1.23216 -25.902}
		{vertex 40.4004 -19.8756}
		{vertex 61.7316 -7.5373}
	}
	{rotate}
}
{obstacle "body1"
	{obb2
		{center -39.0151 -15.5992}
		{extent 2.34643 23.9077}
		{axis 0.375164 0.926958}
	}
	{rotate}
}
{obstacle "body2"
	{obb2
		{center 1.37968 -22.969}
		{extent 20.3952 2.24179}
		{axis 1 0}
	}
	{rotate}
}
{obstacle "body3"
	{obb2
		{center 42.2033 -15.0636}
		{extent 24.5986 2.19488}
		{axis 0.933647 0.358194}
	}
	{rotate}
}
{obstacle "body4"
	{obb2
		{center 33.5442 15.3221}
		{extent 19.3051 2.26753}
		{axis 0.945573 0.325409}
	}
	{rotate}
}
{obstacle "body5"
	{obb2
		{center -30.9503 15.6068}
		{extent 2.24894 18.1705}
		{axis 0.40727 0.913308}
	}
	{rotate}
}
{obstacle "body6"
	{obb2
		{center 0.40456 9.19279}
		{extent 17.5476 2.16989}
		{axis 1 0}
	}
	{rotate}
}
{volume "body1"
	{box 47.7304 6.81045 24.9931}
	{bone "point1"}
	{matrix34
		0.9773 	 0.212 	 0
		-0.2104 	 0.97 	 -0.1218
		-0.0258 	 0.119 	 0.9926
		-2.8013 	 3.9116 	 -11.2709
	}
}
{volume "body2"
	{box 40.7424 6.81045 24.9931}
	{bone "point2"}
	{matrix34
		0.9919 	 0.127 	 0
		-0.126 	 0.9845 	 -0.1218
		-0.0155 	 0.1208 	 0.9926
		0.6161 	 4.5428 	 -11.2709
	}
}
{volume "body3"
	{box 49.1767 6.81045 24.9931}
	{bone "point3"}
	{matrix34
		0.9973 	 -0.0729 	 0
		0.0724 	 0.9899 	 -0.1218
		0.0089 	 0.1215 	 0.9926
		0.9792 	 3.5631 	 -11.2709
	}
}
{volume "body4"
	{box 38.5459 6.81045 24.9931}
	{bone "point4"}
	{matrix34
		0.9995 	 -0.033 	 0
		0.0328 	 0.992 	 -0.1218
		0.004 	 0.1218 	 0.9926
		2.6749 	 3.0637 	 -11.4008
	}
}
{volume "body5"
	{box 36.2829 6.81045 24.9931}
	{bone "point5"}
	{matrix34
		-0.9863 	 -0.1651 	 0
		0.1638 	 -0.9789 	 -0.1218
		0.0201 	 -0.1201 	 0.9926
		0.6254 	 -1.5685 	 -11.2709
	}
}
{volume "body6"
	{box 35.0811 6.81045 24.9931}
	{bone "point6"}
	{matrix34
		-0.9962 	 -0.0867 	 0
		0.086 	 -0.9888 	 -0.1218
		0.0106 	 -0.1214 	 0.9926
		-0.8869 	 -3.1433 	 -11.2709
	}
}
