;Exported by: sergienko
;Date:        Mon Apr 03 11:26:27 2006
;File:        D:\tmp\mine_detector\minedetector.max
{Skeleton
	{bone "mine_detector"
		{Orientation
			1	0	0
			0	-1	0
			0	0	1
		}
		{LODView
			{VolumeView "mine_detector.ply"}
			{VolumeView "mine_detector_lod1.ply"}
		}
		{bone "handle"
			{Matrix34
				0.528896	0.00252023	-0.848683
				0.848687	-0.00157126	0.528894
				0	-0.999996	-0.00296992
				-10.0155	0.0139346	0.90341
			}
		}
	}
}
{Volume "body1"
	{Box 33.6024 1.78227 0.984252}
	{Bone "mine_detector"}
	{Matrix34
		-0.999977	-0.00681887	0
		0.00681884	-0.999972	-0.00297188
		1.92608e-005	-0.00297182	0.999996
		-4.35741	0.0154742	0.940051
	}
}
{Volume "body2"
	{Cylinder 4.92109 1.5748}
	{Bone "mine_detector"}
	{Matrix34
		-0.848687	0.00157125	-0.528893
		0	-0.999996	-0.00297072
		-0.528896	-0.00252118	0.848683
		15.0383	-0.105466	2.73903
	}
}
{Volume "select"
	{Box 41.8898 8.85827 8.85827}
	{Bone "mine_detector"}
	{Matrix34
		-0.999977	-0.00681887	0
		0.00681884	-0.999972	-0.00297188
		1.92608e-005	-0.00297182	0.999996
		-1.30679	0.00505665	4.44588
	}
}
{Extender "preview"
	{"Stuff"
		{camera
			{origin 39.3167	-67.2351	92.2068}
			{lookat 8.09523	-13.0121	17.5174}
			{fov 15.1893}
			{horizon -0.604903}
		}
		{lights
			{"0"
				{type directional}
				{direction 0.271688	-0.00124754	-0.419743}
			}
			{"1"
				{type directional}
				{direction -0.415458	-0.000827122	-0.278198}
			}
		}
	}
	{"Stuff_primary"
		{camera
			{origin 46.6156	-109.587	97.092}
			{lookat 6.32067	-16.4867	15.7684}
			{fov 15.1893}
			{horizon -0.647403}
		}
		{lights
			{"0"
				{type directional}
				{direction 0.271688	-0.00124754	-0.419743}
			}
			{"1"
				{type directional}
				{direction -0.415458	-0.000827122	-0.278198}
			}
		}
	}
}
