;Exported by:	 guita
;Date:			 09.03.2023 13:55:03
;File:			 D:\Git\3D_Scenes\GoH_3D_environment_export_updated\3d_landscape\cut_entity\trenches\trenches_reinforced_dirt\trench_engineer_x.max
{skeleton
	{bone "trench"
		{parameters "commonmesh;land;align;"}
		{orientation
			1 	 0 	 0
			0 	 -1 	 0
			0 	 0 	 1
		}
		{VolumeView "trench.ply"}
		{bone "piece01"
			{Position -21.6999 	 29.7385 	 9.6135}
			{VolumeView "piece01.ply"}
		}
		{bone "piece02"
			{Position 17.6918 	 -55.7985 	 9.9002}
			{VolumeView "piece02.ply"}
		}
		{bone "piece03"
			{Position 26.2524 	 -1.7567 	 10.0713}
			{VolumeView "piece03.ply"}
		}
		{bone "piece04"
			{Position -18.4048 	 -12.4297 	 11.1576}
			{VolumeView "piece04.ply"}
		}
		{bone "piece05"
			{Position 5.7951 	 72.3532 	 -0.5973}
			{VolumeView "piece05.ply"}
		}
		{bone "piece06"
			{Position -22.9021 	 -87.6021 	 0.26}
			{VolumeView "piece06.ply"}
		}
		{bone "piece07"
			{Position -6.0829 	 -9.6078 	 -5.815}
			{VolumeView "piece07.ply"}
		}
		{bone "piece08"
			{Position -6.7376 	 -50.2222 	 -6.4198}
			{VolumeView "piece08.ply"}
		}
		{bone "piece09"
			{Position -18.7981 	 50.0788 	 -1.3882}
			{VolumeView "piece09.ply"}
		}
		{bone "piece10"
			{Position -6.0599 	 24.5132 	 -8.8439}
			{VolumeView "piece10.ply"}
		}
		{bone "piece11"
			{Position -6.0108 	 74.0011 	 -7.8671}
			{VolumeView "piece11.ply"}
		}
		{bone "piece12"
			{Position -14.6365 	 16.032 	 1.9928}
			{VolumeView "piece12.ply"}
		}
	}
}
{area "cut"
	{polygon2
		{radius 0}
		{vertex -37.4271 -99.7988}
		{vertex 10.7161 -107.543}
		{vertex 32.8357 7.20842}
		{vertex 10.8066 124.611}
		{vertex -32.8866 119.775}
	}
	{rotate}
}
{obstacle "body01"
	{obb2
		{center -6.63359 -48.3416}
		{extent 65.2416 39.9067}
		{axis 0.174345 0.984685}
	}
	{rotate}
}
{obstacle "body02"
	{obb2
		{center -4.6603 63.0092}
		{extent 40.9735 69.6958}
		{axis 0.994527 0.104476}
	}
	{rotate}
}
{volume "body01"
	{box 79.471 130.275 19.1339}
	{bone "trench"}
	{matrix34
		0.9842 	 0.1769 	 0
		-0.1769 	 0.9842 	 0
		0 	 0 	 1
		-6.6336 	 48.3416 	 5.9835
	}
}
{volume "body02"
	{box 81.3542 139.046 19.1339}
	{bone "trench"}
	{matrix34
		0.995 	 -0.1002 	 0
		0.1002 	 0.995 	 0
		0 	 0 	 1
		-4.6603 	 -63.0092 	 5.9835
	}
}
{volume "piece01"
	{box 3.33129 3.00219 23.9253}
	{bone "piece01"}
	{matrix34
		0.9768 	 -0.102 	 -0.1883
		0.1596 	 0.933 	 0.3226
		0.1428 	 -0.3452 	 0.9276
		-0.045 	 0.1721 	 0.0364
	}
}
{volume "piece02"
	{box 3.33129 3.00219 23.9253}
	{bone "piece02"}
	{matrix34
		0.9163 	 0.046 	 0.3979
		-0.0417 	 0.9989 	 -0.0196
		-0.3984 	 0.0014 	 0.9172
		-0.1294 	 -0.0219 	 -0.3748
	}
}
{volume "piece03"
	{box 3.33129 3.00219 25.4525}
	{bone "piece03"}
	{matrix34
		0.9982 	 -0.0167 	 -0.0578
		0.0176 	 0.9997 	 0.0146
		0.0576 	 -0.0156 	 0.9982
		0.2954 	 0.0324 	 0.6585
	}
}
{volume "piece04"
	{box 3.33129 3.00219 25.4525}
	{bone "piece04"}
	{matrix34
		0.929 	 -0.1807 	 -0.3229
		0.213 	 0.9747 	 0.0675
		0.3026 	 -0.1315 	 0.944
		0.3334 	 -0.11 	 0.5838
	}
}
{volume "piece05"
	{box 2.32258 2.4618 54.3421}
	{bone "piece05"}
	{matrix34
		-0.9702 	 -0.1254 	 -0.2075
		-0.2053 	 -0.0303 	 0.9782
		-0.129 	 0.9916 	 0.0036
		-0.0634 	 0.1993 	 0.1002
	}
}
{volume "piece06"
	{box 2.32258 2.4618 56.6063}
	{bone "piece06"}
	{matrix34
		0.9742 	 -0.0886 	 -0.2075
		0.207 	 -0.0151 	 0.9782
		-0.0898 	 -0.996 	 0.0036
		0.1649 	 1.1259 	 0.0891
	}
}
{volume "piece07"
	{box 29.5216 3.10524 1.35099}
	{bone "piece07"}
	{matrix34
		0.2861 	 -0.9582 	 0.0073
		0.9481 	 0.2819 	 -0.1468
		0.1386 	 0.0489 	 0.9891
		0.043 	 -0.1181 	 -0.0809
	}
}
{volume "piece08"
	{box 29.5216 3.10524 1.35099}
	{bone "piece08"}
	{matrix34
		-0.2138 	 -0.9769 	 0.0073
		0.9661 	 -0.2125 	 -0.1468
		0.145 	 -0.0243 	 0.9891
		0.1062 	 0.437 	 0.5239
	}
}
{volume "piece09"
	{box 2.32258 2.4618 26.6276}
	{bone "piece09"}
	{matrix34
		-0.8837 	 -0.4196 	 -0.2075
		-0.1859 	 -0.0924 	 0.9782
		-0.4296 	 0.903 	 0.0036
		-0.0245 	 0.2762 	 0.5064
	}
}
{volume "piece10"
	{box 29.5216 3.10524 1.35099}
	{bone "piece10"}
	{matrix34
		0.2468 	 -0.969 	 0.0073
		0.9588 	 0.2431 	 -0.1468
		0.1405 	 0.0432 	 0.9891
		0.0907 	 -0.2859 	 -0.0292
	}
}
{volume "piece11"
	{box 29.5216 3.10524 1.35099}
	{bone "piece11"}
	{matrix34
		0.3781 	 -0.9242 	 -0.0542
		0.9148 	 0.382 	 -0.1311
		0.1418 	 0 	 0.9899
		0.0122 	 -0.2628 	 -0.2004
	}
}
{volume "piece12"
	{box 3.33129 3.00219 40.724}
	{bone "piece12"}
	{matrix34
		0.9558 	 0.2085 	 -0.2075
		0.202 	 0.0478 	 0.9782
		0.2139 	 -0.9769 	 0.0036
		-0.4324 	 -0.3923 	 -0.0792
	}
}
